0.001414,0.001414,0.785398,0.020000,-0.000000,
0.002828,0.002828,0.785398,0.020000,-0.000000,
0.004243,0.004243,0.785398,0.020000,-0.000000,
0.005657,0.005657,0.785398,0.020000,-0.000000,
0.007071,0.007071,0.785398,0.020000,-0.000000,
0.008485,0.008485,0.785398,0.020000,-0.000000,
0.009899,0.009899,0.785398,0.020000,-0.000000,
0.011314,0.011314,0.785398,0.020000,-0.000000,
0.012728,0.012728,0.785398,0.020000,-0.000000,
0.014142,0.014142,0.785398,0.020000,-0.000000,
0.015556,0.015556,0.785398,0.020000,-0.000000,
0.016971,0.016971,0.785398,0.020000,-0.000000,
0.018385,0.018385,0.785398,0.020000,-0.000000,
0.019799,0.019799,0.785398,0.020000,-0.000000,
0.021213,0.021213,0.785398,0.020000,-0.000000,
0.022627,0.022627,0.785398,0.020000,-0.000000,
0.024042,0.024042,0.785398,0.020000,-0.000000,
0.025456,0.025456,0.785398,0.020000,-0.000000,
0.026870,0.026870,0.785398,0.020000,-0.000000,
0.028284,0.028284,0.785398,0.020000,-0.000000,
0.029698,0.029698,0.785398,0.020000,-0.000000,
0.031113,0.031113,0.785398,0.020000,-0.000000,
0.032527,0.032527,0.785398,0.020000,-0.000000,
0.033941,0.033941,0.785398,0.020000,-0.000000,
0.035355,0.035355,0.785398,0.020000,-0.000000,
0.036770,0.036770,0.785398,0.020000,-0.000000,
0.038184,0.038184,0.785398,0.020000,-0.000000,
0.039598,0.039598,0.785398,0.020000,-0.000000,
0.041012,0.041012,0.785398,0.020000,-0.000000,
0.042426,0.042426,0.785398,0.020000,-0.000000,

0.045255,0.045255,0.785398,0.040000,-0.000000,
0.048083,0.048083,0.785398,0.040000,-0.000000,
0.050912,0.050912,0.785398,0.040000,-0.000000,
0.053740,0.053740,0.785398,0.040000,-0.000000,
0.056569,0.056569,0.785398,0.040000,-0.000000,
0.059397,0.059397,0.785398,0.040000,-0.000000,
0.062225,0.062225,0.785398,0.040000,-0.000000,
0.065054,0.065054,0.785398,0.040000,-0.000000,
0.067882,0.067882,0.785398,0.040000,-0.000000,
0.070711,0.070711,0.785398,0.040000,-0.000000,
0.073539,0.073539,0.785398,0.040000,-0.000000,
0.076368,0.076368,0.785398,0.040000,-0.000000,
0.079196,0.079196,0.785398,0.040000,-0.000000,
0.082024,0.082024,0.785398,0.040000,-0.000000,
0.084853,0.084853,0.785398,0.040000,-0.000000,
0.087681,0.087681,0.785398,0.040000,-0.000000,
0.090510,0.090510,0.785398,0.040000,-0.000000,
0.093338,0.093338,0.785398,0.040000,-0.000000,
0.096167,0.096167,0.785398,0.040000,-0.000000,
0.098995,0.098995,0.785398,0.040000,-0.000000,
0.101823,0.101823,0.785398,0.040000,-0.000000,
0.104652,0.104652,0.785398,0.040000,-0.000000,
0.107480,0.107480,0.785398,0.040000,-0.000000,
0.110309,0.110309,0.785398,0.040000,-0.000000,
0.113137,0.113137,0.785398,0.040000,-0.000000,
0.115966,0.115966,0.785398,0.040000,-0.000000,
0.118794,0.118794,0.785398,0.040000,-0.000000,
0.121622,0.121622,0.785398,0.040000,-0.000000,
0.124451,0.124451,0.785398,0.040000,-0.000000,
0.127279,0.127279,0.785398,0.040000,-0.000000,

0.131522,0.131522,0.785398,0.060000,-0.000000,
0.135765,0.135765,0.785398,0.060000,-0.000000,
0.140007,0.140007,0.785398,0.060000,-0.000000,
0.144250,0.144250,0.785398,0.060000,-0.000000,
0.148492,0.148492,0.785398,0.060000,-0.000000,
0.152735,0.152735,0.785398,0.060000,-0.000000,
0.156978,0.156978,0.785398,0.060000,-0.000000,
0.161220,0.161220,0.785398,0.060000,-0.000000,
0.165463,0.165463,0.785398,0.060000,-0.000000,
0.169706,0.169706,0.785398,0.060000,-0.000000,
0.173948,0.173948,0.785398,0.060000,-0.000000,
0.178191,0.178191,0.785398,0.060000,-0.000000,
0.182434,0.182434,0.785398,0.060000,-0.000000,
0.186676,0.186676,0.785398,0.060000,-0.000000,
0.190919,0.190919,0.785398,0.060000,-0.000000,
0.195161,0.195161,0.785398,0.060000,-0.000000,
0.199404,0.199404,0.785398,0.060000,-0.000000,
0.203647,0.203647,0.785398,0.060000,-0.000000,
0.207889,0.207889,0.785398,0.060000,-0.000000,
0.212132,0.212132,0.785398,0.060000,-0.000000,
0.216375,0.216375,0.785398,0.060000,-0.000000,
0.220617,0.220617,0.785398,0.060000,-0.000000,
0.224860,0.224860,0.785398,0.060000,-0.000000,
0.229103,0.229103,0.785398,0.060000,-0.000000,
0.233345,0.233345,0.785398,0.060000,-0.000000,
0.237588,0.237588,0.785398,0.060000,-0.000000,
0.241831,0.241831,0.785398,0.060000,-0.000000,
0.246073,0.246073,0.785398,0.060000,-0.000000,
0.250316,0.250316,0.785398,0.060000,-0.000000,
0.254558,0.254558,0.785398,0.060000,-0.000000,

0.260215,0.260215,0.785398,0.080000,-0.000000,
0.265872,0.265872,0.785398,0.080000,-0.000000,
0.271529,0.271529,0.785398,0.080000,-0.000000,
0.277186,0.277186,0.785398,0.080000,-0.000000,
0.282843,0.282843,0.785398,0.080000,-0.000000,
0.288500,0.288500,0.785398,0.080000,-0.000000,
0.294156,0.294156,0.785398,0.080000,-0.000000,
0.299813,0.299813,0.785398,0.080000,-0.000000,
0.305470,0.305470,0.785398,0.080000,-0.000000,
0.311127,0.311127,0.785398,0.080000,-0.000000,
0.316784,0.316784,0.785398,0.080000,-0.000000,
0.322441,0.322441,0.785398,0.080000,-0.000000,
0.328098,0.328098,0.785398,0.080000,-0.000000,
0.333754,0.333754,0.785398,0.080000,-0.000000,
0.339411,0.339411,0.785398,0.080000,-0.000000,
0.345068,0.345068,0.785398,0.080000,-0.000000,
0.350725,0.350725,0.785398,0.080000,-0.000000,
0.356382,0.356382,0.785398,0.080000,-0.000000,
0.362039,0.362039,0.785398,0.080000,-0.000000,
0.367696,0.367696,0.785398,0.080000,-0.000000,
0.373352,0.373352,0.785398,0.080000,-0.000000,
0.379009,0.379009,0.785398,0.080000,-0.000000,
0.384666,0.384666,0.785398,0.080000,-0.000000,
0.390323,0.390323,0.785398,0.080000,-0.000000,
0.395980,0.395980,0.785398,0.080000,-0.000000,
0.401637,0.401637,0.785398,0.080000,-0.000000,
0.407294,0.407294,0.785398,0.080000,-0.000000,
0.412950,0.412950,0.785398,0.080000,-0.000000,
0.418607,0.418607,0.785398,0.080000,-0.000000,
0.424264,0.424264,0.785398,0.080000,-0.000000,

0.431335,0.431335,0.785398,0.100000,-0.000000,
0.438406,0.438406,0.785398,0.100000,-0.000000,
0.445477,0.445477,0.785398,0.100000,-0.000000,
0.452548,0.452548,0.785398,0.100000,-0.000000,
0.459619,0.459619,0.785398,0.100000,-0.000000,
0.466690,0.466690,0.785398,0.100000,-0.000000,
0.473762,0.473762,0.785398,0.100000,-0.000000,
0.480833,0.480833,0.785398,0.100000,-0.000000,
0.487904,0.487904,0.785398,0.100000,-0.000000,
0.494975,0.494975,0.785398,0.100000,-0.000000,
0.502046,0.502046,0.785398,0.100000,-0.000000,
0.509117,0.509117,0.785398,0.100000,-0.000000,
0.516188,0.516188,0.785398,0.100000,-0.000000,
0.523259,0.523259,0.785398,0.100000,-0.000000,
0.530330,0.530330,0.785398,0.100000,-0.000000,
0.537401,0.537401,0.785398,0.100000,-0.000000,
0.544472,0.544472,0.785398,0.100000,-0.000000,
0.551543,0.551543,0.785398,0.100000,-0.000000,
0.558614,0.558614,0.785398,0.100000,-0.000000,
0.565685,0.565685,0.785398,0.100000,-0.000000,
0.572757,0.572756,0.785398,0.100000,-0.000000,
0.579828,0.579828,0.785398,0.100000,-0.000000,
0.586899,0.586899,0.785398,0.100000,-0.000000,
0.593970,0.593970,0.785398,0.100000,-0.000000,
0.601041,0.601041,0.785398,0.100000,-0.000000,
0.608112,0.608112,0.785398,0.100000,-0.000000,
0.615183,0.615183,0.785398,0.100000,-0.000000,
0.622254,0.622254,0.785398,0.100000,-0.000000,
0.629325,0.629325,0.785398,0.100000,-0.000000,
0.636396,0.636396,0.785398,0.100000,-0.000000,

0.644881,0.644881,0.785398,0.120000,-0.000000,
0.653367,0.653367,0.785398,0.120000,-0.000000,
0.661852,0.661852,0.785398,0.120000,-0.000000,
0.670337,0.670337,0.785398,0.120000,-0.000000,
0.678823,0.678823,0.785398,0.120000,-0.000000,
0.687308,0.687308,0.785398,0.120000,-0.000000,
0.695793,0.695793,0.785398,0.120000,-0.000000,
0.704278,0.704278,0.785398,0.120000,-0.000000,
0.712764,0.712764,0.785398,0.120000,-0.000000,
0.721249,0.721249,0.785398,0.120000,-0.000000,
0.729734,0.729734,0.785398,0.120000,-0.000000,
0.738219,0.738219,0.785398,0.120000,-0.000000,
0.746705,0.746705,0.785398,0.120000,-0.000000,
0.755190,0.755190,0.785398,0.120000,-0.000000,
0.763675,0.763675,0.785398,0.120000,-0.000000,
0.772161,0.772161,0.785398,0.120000,-0.000000,
0.780646,0.780646,0.785398,0.120000,-0.000000,
0.789131,0.789131,0.785398,0.120000,-0.000000,
0.797616,0.797616,0.785398,0.120000,-0.000000,
0.806102,0.806102,0.785398,0.120000,-0.000000,
0.814587,0.814587,0.785398,0.120000,-0.000000,
0.823072,0.823072,0.785398,0.120000,-0.000000,
0.831558,0.831558,0.785398,0.120000,-0.000000,
0.840043,0.840043,0.785398,0.120000,-0.000000,
0.848528,0.848528,0.785398,0.120000,-0.000000,
0.857013,0.857013,0.785398,0.120000,-0.000000,
0.865499,0.865499,0.785398,0.120000,-0.000000,
0.873984,0.873984,0.785398,0.120000,-0.000000,
0.882469,0.882469,0.785398,0.120000,-0.000000,
0.890955,0.890955,0.785398,0.120000,-0.000000,

0.900854,0.900854,0.785398,0.140000,-0.000000,
0.910754,0.910754,0.785398,0.140000,-0.000000,
0.920653,0.920653,0.785398,0.140000,-0.000000,
0.930553,0.930553,0.785398,0.140000,-0.000000,
0.940452,0.940452,0.785398,0.140000,-0.000000,
0.950352,0.950352,0.785398,0.140000,-0.000000,
0.960251,0.960251,0.785398,0.140000,-0.000000,
0.970151,0.970150,0.785398,0.140000,-0.000000,
0.980050,0.980050,0.785398,0.140000,-0.000000,
0.989950,0.989949,0.785398,0.140000,-0.000000,
0.999849,0.999849,0.785398,0.140000,-0.000000,
1.009748,1.009748,0.785398,0.140000,-0.000000,
1.019648,1.019648,0.785398,0.140000,-0.000000,
1.029547,1.029547,0.785398,0.140000,-0.000000,
1.039447,1.039447,0.785398,0.140000,-0.000000,
1.049346,1.049346,0.785398,0.140000,-0.000000,
1.059246,1.059246,0.785398,0.140000,-0.000000,
1.069145,1.069145,0.785398,0.140000,-0.000000,
1.079045,1.079045,0.785398,0.140000,-0.000000,
1.088944,1.088944,0.785398,0.140000,-0.000000,
1.098844,1.098844,0.785398,0.140000,-0.000000,
1.108743,1.108743,0.785398,0.140000,-0.000000,
1.118643,1.118643,0.785398,0.140000,-0.000000,
1.128542,1.128542,0.785398,0.140000,-0.000000,
1.138442,1.138442,0.785398,0.140000,-0.000000,
1.148341,1.148341,0.785398,0.140000,-0.000000,
1.158241,1.158241,0.785398,0.140000,-0.000000,
1.168140,1.168140,0.785398,0.140000,-0.000000,
1.178040,1.178040,0.785398,0.140000,-0.000000,
1.187939,1.187939,0.785398,0.140000,-0.000000,

1.199253,1.199253,0.785398,0.160000,-0.000000,
1.210567,1.210567,0.785398,0.160000,-0.000000,
1.221881,1.221881,0.785398,0.160000,-0.000000,
1.233194,1.233194,0.785398,0.160000,-0.000000,
1.244508,1.244508,0.785398,0.160000,-0.000000,
1.255822,1.255822,0.785398,0.160000,-0.000000,
1.267135,1.267135,0.785398,0.160000,-0.000000,
1.278449,1.278449,0.785398,0.160000,-0.000000,
1.289763,1.289763,0.785398,0.160000,-0.000000,
1.301076,1.301076,0.785398,0.160000,-0.000000,
1.312390,1.312390,0.785398,0.160000,-0.000000,
1.323704,1.323704,0.785398,0.160000,-0.000000,
1.335018,1.335018,0.785398,0.160000,-0.000000,
1.346331,1.346331,0.785398,0.160000,-0.000000,
1.357645,1.357645,0.785398,0.160000,-0.000000,
1.368959,1.368959,0.785398,0.160000,-0.000000,
1.380272,1.380272,0.785398,0.160000,-0.000000,
1.391586,1.391586,0.785398,0.160000,-0.000000,
1.402900,1.402900,0.785398,0.160000,-0.000000,
1.414214,1.414214,0.785398,0.160000,-0.000000,
1.425527,1.425527,0.785398,0.160000,-0.000000,
1.436841,1.436841,0.785398,0.160000,-0.000000,
1.448155,1.448155,0.785398,0.160000,-0.000000,
1.459468,1.459468,0.785398,0.160000,-0.000000,
1.470782,1.470782,0.785398,0.160000,-0.000000,
1.482096,1.482096,0.785398,0.160000,-0.000000,
1.493410,1.493410,0.785398,0.160000,-0.000000,
1.504723,1.504723,0.785398,0.160000,-0.000000,
1.516037,1.516037,0.785398,0.160000,-0.000000,
1.527351,1.527351,0.785398,0.160000,-0.000000,

1.540079,1.540079,0.785398,0.180000,-0.000000,
1.552807,1.552806,0.785398,0.180000,-0.000000,
1.565534,1.565534,0.785398,0.180000,-0.000000,
1.578262,1.578262,0.785398,0.180000,-0.000000,
1.590990,1.590990,0.785398,0.180000,-0.000000,
1.603718,1.603718,0.785398,0.180000,-0.000000,
1.616446,1.616446,0.785398,0.180000,-0.000000,
1.629174,1.629174,0.785398,0.180000,-0.000000,
1.641902,1.641902,0.785398,0.180000,-0.000000,
1.654630,1.654630,0.785398,0.180000,-0.000000,
1.667358,1.667358,0.785398,0.180000,-0.000000,
1.680086,1.680086,0.785398,0.180000,-0.000000,
1.692814,1.692814,0.785398,0.180000,-0.000000,
1.705542,1.705542,0.785398,0.180000,-0.000000,
1.718270,1.718269,0.785398,0.180000,-0.000000,
1.730997,1.730997,0.785398,0.180000,-0.000000,
1.743725,1.743725,0.785398,0.180000,-0.000000,
1.756453,1.756453,0.785398,0.180000,-0.000000,
1.769181,1.769181,0.785398,0.180000,-0.000000,
1.781909,1.781909,0.785398,0.180000,-0.000000,
1.794637,1.794637,0.785398,0.180000,-0.000000,
1.807365,1.807365,0.785398,0.180000,-0.000000,
1.820093,1.820093,0.785398,0.180000,-0.000000,
1.832821,1.832821,0.785398,0.180000,-0.000000,
1.845549,1.845549,0.785398,0.180000,-0.000000,
1.858277,1.858277,0.785398,0.180000,-0.000000,
1.871005,1.871005,0.785398,0.180000,-0.000000,
1.883732,1.883732,0.785398,0.180000,-0.000000,
1.896460,1.896460,0.785398,0.180000,-0.000000,
1.909188,1.909188,0.785398,0.180000,-0.000000,

1.923330,1.923330,0.785398,0.200000,-0.000000,
1.937473,1.937473,0.785398,0.200000,-0.000000,
1.951615,1.951615,0.785398,0.200000,-0.000000,
1.965757,1.965757,0.785398,0.200000,-0.000000,
1.979899,1.979899,0.785398,0.200000,-0.000000,
1.994041,1.994041,0.785398,0.200000,-0.000000,
2.008183,2.008183,0.785398,0.200000,-0.000000,
2.022325,2.022325,0.785398,0.200000,-0.000000,
2.036468,2.036468,0.785398,0.200000,-0.000000,
2.050610,2.050610,0.785398,0.200000,-0.000000,
2.064752,2.064752,0.785398,0.200000,-0.000000,
2.078894,2.078894,0.785398,0.200000,-0.000000,
2.093036,2.093036,0.785398,0.200000,-0.000000,
2.107178,2.107178,0.785398,0.200000,-0.000000,
2.121320,2.121320,0.785398,0.200000,-0.000000,
2.135463,2.135462,0.785398,0.200000,-0.000000,
2.149605,2.149605,0.785398,0.200000,-0.000000,
2.163747,2.163747,0.785398,0.200000,-0.000000,
2.177889,2.177889,0.785398,0.200000,-0.000000,
2.192031,2.192031,0.785398,0.200000,-0.000000,
2.206173,2.206173,0.785398,0.200000,-0.000000,
2.220315,2.220315,0.785398,0.200000,-0.000000,
2.234457,2.234457,0.785398,0.200000,-0.000000,
2.248600,2.248600,0.785398,0.200000,-0.000000,
2.262742,2.262742,0.785398,0.200000,-0.000000,
2.276884,2.276884,0.785398,0.200000,-0.000000,
2.291026,2.291026,0.785398,0.200000,-0.000000,
2.305168,2.305168,0.785398,0.200000,-0.000000,
2.319310,2.319310,0.785398,0.200000,-0.000000,
2.333452,2.333452,0.785398,0.200000,-0.000000,

2.349009,2.349009,0.785398,0.220000,-0.000000,
2.364565,2.364565,0.785398,0.220000,-0.000000,
2.380121,2.380121,0.785398,0.220000,-0.000000,
2.395678,2.395678,0.785398,0.220000,-0.000000,
2.411234,2.411234,0.785398,0.220000,-0.000000,
2.426791,2.426790,0.785398,0.220000,-0.000000,
2.442347,2.442347,0.785398,0.220000,-0.000000,
2.457903,2.457903,0.785398,0.220000,-0.000000,
2.473460,2.473459,0.785398,0.220000,-0.000000,
2.489016,2.489016,0.785398,0.220000,-0.000000,
2.504572,2.504572,0.785398,0.220000,-0.000000,
2.520129,2.520129,0.785398,0.220000,-0.000000,
2.535685,2.535685,0.785398,0.220000,-0.000000,
2.551241,2.551241,0.785398,0.220000,-0.000000,
2.566798,2.566798,0.785398,0.220000,-0.000000,
2.582354,2.582354,0.785398,0.220000,-0.000000,
2.597910,2.597910,0.785398,0.220000,-0.000000,
2.613467,2.613467,0.785398,0.220000,-0.000000,
2.629023,2.629023,0.785398,0.220000,-0.000000,
2.644579,2.644579,0.785398,0.220000,-0.000000,
2.660136,2.660136,0.785398,0.220000,-0.000000,
2.675692,2.675692,0.785398,0.220000,-0.000000,
2.691248,2.691248,0.785398,0.220000,-0.000000,
2.706805,2.706805,0.785398,0.220000,-0.000000,
2.722361,2.722361,0.785398,0.220000,-0.000000,
2.737917,2.737917,0.785398,0.220000,-0.000000,
2.753474,2.753474,0.785398,0.220000,-0.000000,
2.769030,2.769030,0.785398,0.220000,-0.000000,
2.784587,2.784586,0.785398,0.220000,-0.000000,
2.800143,2.800143,0.785398,0.220000,-0.000000,

2.817113,2.817113,0.785398,0.240000,-0.000000,
2.834084,2.834084,0.785398,0.240000,-0.000000,
2.851055,2.851055,0.785398,0.240000,-0.000000,
2.868025,2.868025,0.785398,0.240000,-0.000000,
2.884996,2.884996,0.785398,0.240000,-0.000000,
2.901966,2.901966,0.785398,0.240000,-0.000000,
2.918937,2.918937,0.785398,0.240000,-0.000000,
2.935907,2.935907,0.785398,0.240000,-0.000000,
2.952878,2.952878,0.785398,0.240000,-0.000000,
2.969849,2.969848,0.785398,0.240000,-0.000000,
2.986819,2.986819,0.785398,0.240000,-0.000000,
3.003790,3.003790,0.785398,0.240000,-0.000000,
3.020760,3.020760,0.785398,0.240000,-0.000000,
3.037731,3.037731,0.785398,0.240000,-0.000000,
3.054701,3.054701,0.785398,0.240000,-0.000000,
3.071672,3.071672,0.785398,0.240000,-0.000000,
3.088642,3.088642,0.785398,0.240000,-0.000000,
3.105613,3.105613,0.785398,0.240000,-0.000000,
3.122584,3.122584,0.785398,0.240000,-0.000000,
3.139554,3.139554,0.785398,0.240000,-0.000000,
3.156525,3.156525,0.785398,0.240000,-0.000000,
3.173495,3.173495,0.785398,0.240000,-0.000000,
3.190466,3.190466,0.785398,0.240000,-0.000000,
3.207436,3.207436,0.785398,0.240000,-0.000000,
3.224407,3.224407,0.785398,0.240000,-0.000000,
3.241378,3.241377,0.785398,0.240000,-0.000000,
3.258348,3.258348,0.785398,0.240000,-0.000000,
3.275319,3.275319,0.785398,0.240000,-0.000000,
3.292289,3.292289,0.785398,0.240000,-0.000000,
3.309260,3.309260,0.785398,0.240000,-0.000000,

3.327645,3.327644,0.785398,0.260000,-0.000000,
3.346029,3.346029,0.785398,0.260000,-0.000000,
3.364414,3.364414,0.785398,0.260000,-0.000000,
3.382799,3.382799,0.785398,0.260000,-0.000000,
3.401184,3.401184,0.785398,0.260000,-0.000000,
3.419568,3.419568,0.785398,0.260000,-0.000000,
3.437953,3.437953,0.785398,0.260000,-0.000000,
3.456338,3.456338,0.785398,0.260000,-0.000000,
3.474723,3.474723,0.785398,0.260000,-0.000000,
3.493108,3.493107,0.785398,0.260000,-0.000000,
3.511492,3.511492,0.785398,0.260000,-0.000000,
3.529877,3.529877,0.785398,0.260000,-0.000000,
3.548262,3.548262,0.785398,0.260000,-0.000000,
3.566647,3.566647,0.785398,0.260000,-0.000000,
3.585031,3.585031,0.785398,0.260000,-0.000000,
3.603416,3.603416,0.785398,0.260000,-0.000000,
3.621801,3.621801,0.785398,0.260000,-0.000000,
3.640186,3.640186,0.785398,0.260000,-0.000000,
3.658571,3.658570,0.785398,0.260000,-0.000000,
3.676955,3.676955,0.785398,0.260000,-0.000000,
3.695340,3.695340,0.785398,0.260000,-0.000000,
3.713725,3.713725,0.785398,0.260000,-0.000000,
3.732110,3.732110,0.785398,0.260000,-0.000000,
3.750494,3.750494,0.785398,0.260000,-0.000000,
3.768879,3.768879,0.785398,0.260000,-0.000000,
3.787264,3.787264,0.785398,0.260000,-0.000000,
3.805649,3.805649,0.785398,0.260000,-0.000000,
3.824034,3.824033,0.785398,0.260000,-0.000000,
3.842418,3.842418,0.785398,0.260000,-0.000000,
3.860803,3.860803,0.785398,0.260000,-0.000000,

3.880602,3.880602,0.785398,0.280000,-0.000000,
3.900401,3.900401,0.785398,0.280000,-0.000000,
3.920200,3.920200,0.785398,0.280000,-0.000000,
3.939999,3.939999,0.785398,0.280000,-0.000000,
3.959798,3.959798,0.785398,0.280000,-0.000000,
3.979597,3.979597,0.785398,0.280000,-0.000000,
3.999396,3.999396,0.785398,0.280000,-0.000000,
4.019195,4.019195,0.785398,0.280000,-0.000000,
4.038994,4.038994,0.785398,0.280000,-0.000000,
4.058793,4.058793,0.785398,0.280000,-0.000000,
4.078592,4.078592,0.785398,0.280000,-0.000000,
4.098391,4.098391,0.785398,0.280000,-0.000000,
4.118190,4.118190,0.785398,0.280000,-0.000000,
4.137989,4.137989,0.785398,0.280000,-0.000000,
4.157788,4.157788,0.785398,0.280000,-0.000000,
4.177587,4.177587,0.785398,0.280000,-0.000000,
4.197386,4.197386,0.785398,0.280000,-0.000000,
4.217185,4.217185,0.785398,0.280000,-0.000000,
4.236984,4.236984,0.785398,0.280000,-0.000000,
4.256783,4.256783,0.785398,0.280000,-0.000000,
4.276582,4.276582,0.785398,0.280000,-0.000000,
4.296381,4.296381,0.785398,0.280000,-0.000000,
4.316180,4.316180,0.785398,0.280000,-0.000000,
4.335979,4.335979,0.785398,0.280000,-0.000000,
4.355778,4.355778,0.785398,0.280000,-0.000000,
4.375577,4.375577,0.785398,0.280000,-0.000000,
4.395376,4.395376,0.785398,0.280000,-0.000000,
4.415175,4.415175,0.785398,0.280000,-0.000000,
4.434974,4.434974,0.785398,0.280000,-0.000000,
4.454773,4.454773,0.785398,0.280000,-0.000000,

4.475986,4.475986,0.785398,0.300000,-0.000000,
4.497199,4.497199,0.785398,0.300000,-0.000000,
4.518412,4.518412,0.785398,0.300000,-0.000000,
4.539626,4.539625,0.785398,0.300000,-0.000000,
4.560839,4.560839,0.785398,0.300000,-0.000000,
4.582052,4.582052,0.785398,0.300000,-0.000000,
4.603265,4.603265,0.785398,0.300000,-0.000000,
4.624478,4.624478,0.785398,0.300000,-0.000000,
4.645692,4.645691,0.785398,0.300000,-0.000000,
4.666905,4.666905,0.785398,0.300000,-0.000000,
4.688118,4.688118,0.785398,0.300000,-0.000000,
4.709331,4.709331,0.785398,0.300000,-0.000000,
4.730544,4.730544,0.785398,0.300000,-0.000000,
4.751758,4.751758,0.785398,0.300000,-0.000000,
4.772971,4.772971,0.785398,0.300000,-0.000000,
4.794184,4.794184,0.785398,0.300000,-0.000000,
4.815397,4.815397,0.785398,0.300000,-0.000000,
4.836610,4.836610,0.785398,0.300000,-0.000000,
4.857824,4.857824,0.785398,0.300000,-0.000000,
4.879037,4.879037,0.785398,0.300000,-0.000000,
4.900250,4.900250,0.785398,0.300000,-0.000000,
4.921463,4.921463,0.785398,0.300000,-0.000000,
4.942676,4.942676,0.785398,0.300000,-0.000000,
4.963890,4.963890,0.785398,0.300000,-0.000000,
4.985103,4.985103,0.785398,0.300000,-0.000000,
5.006316,5.006316,0.785398,0.300000,-0.000000,
5.027529,5.027529,0.785398,0.300000,-0.000000,
5.048742,5.048742,0.785398,0.300000,-0.000000,
5.069956,5.069956,0.785398,0.300000,-0.000000,
5.091169,5.091169,0.785398,0.300000,-0.000000,

5.113796,5.113796,0.785398,0.320000,-0.000000,
5.136424,5.136424,0.785398,0.320000,-0.000000,
5.159051,5.159051,0.785398,0.320000,-0.000000,
5.181679,5.181678,0.785398,0.320000,-0.000000,
5.204306,5.204306,0.785398,0.320000,-0.000000,
5.226933,5.226933,0.785398,0.320000,-0.000000,
5.249561,5.249561,0.785398,0.320000,-0.000000,
5.272188,5.272188,0.785398,0.320000,-0.000000,
5.294816,5.294816,0.785398,0.320000,-0.000000,
5.317443,5.317443,0.785398,0.320000,-0.000000,
5.340070,5.340070,0.785398,0.320000,-0.000000,
5.362698,5.362698,0.785398,0.320000,-0.000000,
5.385325,5.385325,0.785398,0.320000,-0.000000,
5.407953,5.407953,0.785398,0.320000,-0.000000,
5.430580,5.430580,0.785398,0.320000,-0.000000,
5.453208,5.453207,0.785398,0.320000,-0.000000,
5.475835,5.475835,0.785398,0.320000,-0.000000,
5.498462,5.498462,0.785398,0.320000,-0.000000,
5.521090,5.521090,0.785398,0.320000,-0.000000,
5.543717,5.543717,0.785398,0.320000,-0.000000,
5.566345,5.566345,0.785398,0.320000,-0.000000,
5.588972,5.588972,0.785398,0.320000,-0.000000,
5.611599,5.611599,0.785398,0.320000,-0.000000,
5.634227,5.634227,0.785398,0.320000,-0.000000,
5.656854,5.656854,0.785398,0.320000,-0.000000,
5.679482,5.679482,0.785398,0.320000,-0.000000,
5.702109,5.702109,0.785398,0.320000,-0.000000,
5.724737,5.724736,0.785398,0.320000,-0.000000,
5.747364,5.747364,0.785398,0.320000,-0.000000,
5.769991,5.769991,0.785398,0.320000,-0.000000,

5.794033,5.794033,0.785398,0.340000,-0.000000,
5.818075,5.818075,0.785398,0.340000,-0.000000,
5.842116,5.842116,0.785398,0.340000,-0.000000,
5.866158,5.866158,0.785398,0.340000,-0.000000,
5.890200,5.890199,0.785398,0.340000,-0.000000,
5.914241,5.914241,0.785398,0.340000,-0.000000,
5.938283,5.938283,0.785398,0.340000,-0.000000,
5.962324,5.962324,0.785398,0.340000,-0.000000,
5.986366,5.986366,0.785398,0.340000,-0.000000,
6.010408,6.010408,0.785398,0.340000,-0.000000,
6.034449,6.034449,0.785398,0.340000,-0.000000,
6.058491,6.058491,0.785398,0.340000,-0.000000,
6.082533,6.082532,0.785398,0.340000,-0.000000,
6.106574,6.106574,0.785398,0.340000,-0.000000,
6.130616,6.130616,0.785398,0.340000,-0.000000,
6.154658,6.154657,0.785398,0.340000,-0.000000,
6.178699,6.178699,0.785398,0.340000,-0.000000,
6.202741,6.202741,0.785398,0.340000,-0.000000,
6.226782,6.226782,0.785398,0.340000,-0.000000,
6.250824,6.250824,0.785398,0.340000,-0.000000,
6.274866,6.274865,0.785398,0.340000,-0.000000,
6.298907,6.298907,0.785398,0.340000,-0.000000,
6.322949,6.322949,0.785398,0.340000,-0.000000,
6.346991,6.346990,0.785398,0.340000,-0.000000,
6.371032,6.371032,0.785398,0.340000,-0.000000,
6.395074,6.395074,0.785398,0.340000,-0.000000,
6.419115,6.419115,0.785398,0.340000,-0.000000,
6.443157,6.443157,0.785398,0.340000,-0.000000,
6.467199,6.467199,0.785398,0.340000,-0.000000,
6.491240,6.491240,0.785398,0.340000,-0.000000,

6.516696,6.516696,0.785398,0.360000,-0.000000,
6.542152,6.542152,0.785398,0.360000,-0.000000,
6.567608,6.567608,0.785398,0.360000,-0.000000,
6.593064,6.593064,0.785398,0.360000,-0.000000,
6.618520,6.618519,0.785398,0.360000,-0.000000,
6.643975,6.643975,0.785398,0.360000,-0.000000,
6.669431,6.669431,0.785398,0.360000,-0.000000,
6.694887,6.694887,0.785398,0.360000,-0.000000,
6.720343,6.720343,0.785398,0.360000,-0.000000,
6.745799,6.745799,0.785398,0.360000,-0.000000,
6.771255,6.771254,0.785398,0.360000,-0.000000,
6.796710,6.796710,0.785398,0.360000,-0.000000,
6.822166,6.822166,0.785398,0.360000,-0.000000,
6.847622,6.847622,0.785398,0.360000,-0.000000,
6.873078,6.873078,0.785398,0.360000,-0.000000,
6.898534,6.898534,0.785398,0.360000,-0.000000,
6.923990,6.923990,0.785398,0.360000,-0.000000,
6.949446,6.949445,0.785398,0.360000,-0.000000,
6.974901,6.974901,0.785398,0.360000,-0.000000,
7.000357,7.000357,0.785398,0.360000,-0.000000,
7.025813,7.025813,0.785398,0.360000,-0.000000,
7.051269,7.051269,0.785398,0.360000,-0.000000,
7.076725,7.076725,0.785398,0.360000,-0.000000,
7.102181,7.102180,0.785398,0.360000,-0.000000,
7.127636,7.127636,0.785398,0.360000,-0.000000,
7.153092,7.153092,0.785398,0.360000,-0.000000,
7.178548,7.178548,0.785398,0.360000,-0.000000,
7.204004,7.204004,0.785398,0.360000,-0.000000,
7.229460,7.229460,0.785398,0.360000,-0.000000,
7.254916,7.254915,0.785398,0.360000,-0.000000,

7.281786,7.281786,0.785398,0.380000,-0.000000,
7.308656,7.308656,0.785398,0.380000,-0.000000,
7.335526,7.335526,0.785398,0.380000,-0.000000,
7.362396,7.362396,0.785398,0.380000,-0.000000,
7.389266,7.389266,0.785398,0.380000,-0.000000,
7.416136,7.416136,0.785398,0.380000,-0.000000,
7.443006,7.443006,0.785398,0.380000,-0.000000,
7.469876,7.469876,0.785398,0.380000,-0.000000,
7.496746,7.496746,0.785398,0.380000,-0.000000,
7.523616,7.523616,0.785398,0.380000,-0.000000,
7.550486,7.550486,0.785398,0.380000,-0.000000,
7.577356,7.577356,0.785398,0.380000,-0.000000,
7.604226,7.604226,0.785398,0.380000,-0.000000,
7.631096,7.631096,0.785398,0.380000,-0.000000,
7.657967,7.657966,0.785398,0.380000,-0.000000,
7.684837,7.684836,0.785398,0.380000,-0.000000,
7.711707,7.711706,0.785398,0.380000,-0.000000,
7.738577,7.738577,0.785398,0.380000,-0.000000,
7.765447,7.765447,0.785398,0.380000,-0.000000,
7.792317,7.792317,0.785398,0.380000,-0.000000,
7.819187,7.819187,0.785398,0.380000,-0.000000,
7.846057,7.846057,0.785398,0.380000,-0.000000,
7.872927,7.872927,0.785398,0.380000,-0.000000,
7.899797,7.899797,0.785398,0.380000,-0.000000,
7.926667,7.926667,0.785398,0.380000,-0.000000,
7.953537,7.953537,0.785398,0.380000,-0.000000,
7.980407,7.980407,0.785398,0.380000,-0.000000,
8.007277,8.007277,0.785398,0.380000,-0.000000,
8.034147,8.034147,0.785398,0.380000,-0.000000,
8.061017,8.061017,0.785398,0.380000,-0.000000,

8.089302,8.089301,0.785398,0.400000,-0.000000,
8.117586,8.117586,0.785398,0.400000,-0.000000,
8.145870,8.145870,0.785398,0.400000,-0.000000,
8.174155,8.174154,0.785398,0.400000,-0.000000,
8.202439,8.202439,0.785398,0.400000,-0.000000,
8.230723,8.230723,0.785398,0.400000,-0.000000,
8.259007,8.259007,0.785398,0.400000,-0.000000,
8.287292,8.287291,0.785398,0.400000,-0.000000,
8.315576,8.315576,0.785398,0.400000,-0.000000,
8.343860,8.343860,0.785398,0.400000,-0.000000,
8.372144,8.372144,0.785398,0.400000,-0.000000,
8.400429,8.400428,0.785398,0.400000,-0.000000,
8.428713,8.428713,0.785398,0.400000,-0.000000,
8.456997,8.456997,0.785398,0.400000,-0.000000,
8.485281,8.485281,0.785398,0.400000,-0.000000,
8.513566,8.513566,0.785398,0.400000,-0.000000,
8.541850,8.541850,0.785398,0.400000,-0.000000,
8.570134,8.570134,0.785398,0.400000,-0.000000,
8.598419,8.598418,0.785398,0.400000,-0.000000,
8.626703,8.626703,0.785398,0.400000,-0.000000,
8.654987,8.654987,0.785398,0.400000,-0.000000,
8.683271,8.683271,0.785398,0.400000,-0.000000,
8.711556,8.711555,0.785398,0.400000,-0.000000,
8.739840,8.739840,0.785398,0.400000,-0.000000,
8.768124,8.768124,0.785398,0.400000,-0.000000,
8.796408,8.796408,0.785398,0.400000,-0.000000,
8.824693,8.824693,0.785398,0.400000,-0.000000,
8.852977,8.852977,0.785398,0.400000,-0.000000,
8.881261,8.881261,0.785398,0.400000,-0.000000,
8.909546,8.909545,0.785398,0.400000,-0.000000,

8.939244,8.939244,0.785398,0.420000,-0.000000,
8.968943,8.968942,0.785398,0.420000,-0.000000,
8.998641,8.998641,0.785398,0.420000,-0.000000,
9.028340,9.028339,0.785398,0.420000,-0.000000,
9.058038,9.058038,0.785398,0.420000,-0.000000,
9.087736,9.087736,0.785398,0.420000,-0.000000,
9.117435,9.117435,0.785398,0.420000,-0.000000,
9.147133,9.147133,0.785398,0.420000,-0.000000,
9.176832,9.176832,0.785398,0.420000,-0.000000,
9.206530,9.206530,0.785398,0.420000,-0.000000,
9.236229,9.236229,0.785398,0.420000,-0.000000,
9.265927,9.265927,0.785398,0.420000,-0.000000,
9.295626,9.295626,0.785398,0.420000,-0.000000,
9.325324,9.325324,0.785398,0.420000,-0.000000,
9.355023,9.355023,0.785398,0.420000,-0.000000,
9.384721,9.384721,0.785398,0.420000,-0.000000,
9.414420,9.414420,0.785398,0.420000,-0.000000,
9.444118,9.444118,0.785398,0.420000,-0.000000,
9.473817,9.473817,0.785398,0.420000,-0.000000,
9.503515,9.503515,0.785398,0.420000,-0.000000,
9.533214,9.533213,0.785398,0.420000,-0.000000,
9.562912,9.562912,0.785398,0.420000,-0.000000,
9.592611,9.592610,0.785398,0.420000,-0.000000,
9.622309,9.622309,0.785398,0.420000,-0.000000,
9.652008,9.652007,0.785398,0.420000,-0.000000,
9.681706,9.681706,0.785398,0.420000,-0.000000,
9.711405,9.711404,0.785398,0.420000,-0.000000,
9.741103,9.741103,0.785398,0.420000,-0.000000,
9.770802,9.770801,0.785398,0.420000,-0.000000,
9.800500,9.800500,0.785398,0.420000,-0.000000,