0.001414,0.001414,0.785398,0.020000,-0.000000,
0.002828,0.002828,0.785398,0.020000,-0.000000,
0.004243,0.004243,0.785398,0.020000,-0.000000,
0.005657,0.005657,0.785398,0.020000,-0.000000,
0.007071,0.007071,0.785398,0.020000,-0.000000,
0.008485,0.008485,0.785398,0.020000,-0.000000,
0.009899,0.009899,0.785398,0.020000,-0.000000,
0.011314,0.011314,0.785398,0.020000,-0.000000,
0.012728,0.012728,0.785398,0.020000,-0.000000,
0.014142,0.014142,0.785398,0.020000,-0.000000,
0.015556,0.015556,0.785398,0.020000,-0.000000,
0.016971,0.016971,0.785398,0.020000,-0.000000,
0.018385,0.018385,0.785398,0.020000,-0.000000,
0.019799,0.019799,0.785398,0.020000,-0.000000,
0.021213,0.021213,0.785398,0.020000,-0.000000,
0.022627,0.022627,0.785398,0.020000,-0.000000,
0.024042,0.024042,0.785398,0.020000,-0.000000,
0.025456,0.025456,0.785398,0.020000,-0.000000,
0.026870,0.026870,0.785398,0.020000,-0.000000,
0.028284,0.028284,0.785398,0.020000,-0.000000,
0.029698,0.029698,0.785398,0.020000,-0.000000,
0.031113,0.031113,0.785398,0.020000,-0.000000,
0.032527,0.032527,0.785398,0.020000,-0.000000,
0.033941,0.033941,0.785398,0.020000,-0.000000,
0.035355,0.035355,0.785398,0.020000,-0.000000,
0.036770,0.036770,0.785398,0.020000,-0.000000,
0.038184,0.038184,0.785398,0.020000,-0.000000,
0.039598,0.039598,0.785398,0.020000,-0.000000,
0.041012,0.041012,0.785398,0.020000,-0.000000,
0.042426,0.042426,0.785398,0.020000,-0.000000,

0.045255,0.045255,0.785398,0.040000,-0.000000,
0.048083,0.048083,0.785398,0.040000,-0.000000,
0.050912,0.050912,0.785398,0.040000,-0.000000,
0.053740,0.053740,0.785398,0.040000,-0.000000,
0.056569,0.056569,0.785398,0.040000,-0.000000,
0.059397,0.059397,0.785398,0.040000,-0.000000,
0.062225,0.062225,0.785398,0.040000,-0.000000,
0.065054,0.065054,0.785398,0.040000,-0.000000,
0.067882,0.067882,0.785398,0.040000,-0.000000,
0.070711,0.070711,0.785398,0.040000,-0.000000,
0.073539,0.073539,0.785398,0.040000,-0.000000,
0.076368,0.076368,0.785398,0.040000,-0.000000,
0.079196,0.079196,0.785398,0.040000,-0.000000,
0.082024,0.082024,0.785398,0.040000,-0.000000,
0.084853,0.084853,0.785398,0.040000,-0.000000,
0.087681,0.087681,0.785398,0.040000,-0.000000,
0.090510,0.090510,0.785398,0.040000,-0.000000,
0.093338,0.093338,0.785398,0.040000,-0.000000,
0.096167,0.096167,0.785398,0.040000,-0.000000,
0.098995,0.098995,0.785398,0.040000,-0.000000,
0.101823,0.101823,0.785398,0.040000,-0.000000,
0.104652,0.104652,0.785398,0.040000,-0.000000,
0.107480,0.107480,0.785398,0.040000,-0.000000,
0.110309,0.110309,0.785398,0.040000,-0.000000,
0.113137,0.113137,0.785398,0.040000,-0.000000,
0.115966,0.115966,0.785398,0.040000,-0.000000,
0.118794,0.118794,0.785398,0.040000,-0.000000,
0.121622,0.121622,0.785398,0.040000,-0.000000,
0.124451,0.124451,0.785398,0.040000,-0.000000,
0.127279,0.127279,0.785398,0.040000,-0.000000,

0.131522,0.131522,0.785398,0.060000,-0.000000,
0.135765,0.135765,0.785398,0.060000,-0.000000,
0.140007,0.140007,0.785398,0.060000,-0.000000,
0.144250,0.144250,0.785398,0.060000,-0.000000,
0.148492,0.148492,0.785398,0.060000,-0.000000,
0.152735,0.152735,0.785398,0.060000,-0.000000,
0.156978,0.156978,0.785398,0.060000,-0.000000,
0.161220,0.161220,0.785398,0.060000,-0.000000,
0.165463,0.165463,0.785398,0.060000,-0.000000,
0.169706,0.169706,0.785398,0.060000,-0.000000,
0.173948,0.173948,0.785398,0.060000,-0.000000,
0.178191,0.178191,0.785398,0.060000,-0.000000,
0.182434,0.182434,0.785398,0.060000,-0.000000,
0.186676,0.186676,0.785398,0.060000,-0.000000,
0.190919,0.190919,0.785398,0.060000,-0.000000,
0.195161,0.195161,0.785398,0.060000,-0.000000,
0.199404,0.199404,0.785398,0.060000,-0.000000,
0.203647,0.203647,0.785398,0.060000,-0.000000,
0.207889,0.207889,0.785398,0.060000,-0.000000,
0.212132,0.212132,0.785398,0.060000,-0.000000,
0.216375,0.216375,0.785398,0.060000,-0.000000,
0.220617,0.220617,0.785398,0.060000,-0.000000,
0.224860,0.224860,0.785398,0.060000,-0.000000,
0.229103,0.229103,0.785398,0.060000,-0.000000,
0.233345,0.233345,0.785398,0.060000,-0.000000,
0.237588,0.237588,0.785398,0.060000,-0.000000,
0.241831,0.241831,0.785398,0.060000,-0.000000,
0.246073,0.246073,0.785398,0.060000,-0.000000,
0.250316,0.250316,0.785398,0.060000,-0.000000,
0.254558,0.254558,0.785398,0.060000,-0.000000,

0.260215,0.260215,0.785398,0.080000,-0.000000,
0.265872,0.265872,0.785398,0.080000,-0.000000,
0.271529,0.271529,0.785398,0.080000,-0.000000,
0.277186,0.277186,0.785398,0.080000,-0.000000,
0.282843,0.282843,0.785398,0.080000,-0.000000,
0.288500,0.288500,0.785398,0.080000,-0.000000,
0.294156,0.294156,0.785398,0.080000,-0.000000,
0.299813,0.299813,0.785398,0.080000,-0.000000,
0.305470,0.305470,0.785398,0.080000,-0.000000,
0.311127,0.311127,0.785398,0.080000,-0.000000,
0.316784,0.316784,0.785398,0.080000,-0.000000,
0.322441,0.322441,0.785398,0.080000,-0.000000,
0.328098,0.328098,0.785398,0.080000,-0.000000,
0.333754,0.333754,0.785398,0.080000,-0.000000,
0.339411,0.339411,0.785398,0.080000,-0.000000,
0.345068,0.345068,0.785398,0.080000,-0.000000,
0.350725,0.350725,0.785398,0.080000,-0.000000,
0.356382,0.356382,0.785398,0.080000,-0.000000,
0.362039,0.362039,0.785398,0.080000,-0.000000,
0.367696,0.367696,0.785398,0.080000,-0.000000,
0.373352,0.373352,0.785398,0.080000,-0.000000,
0.379009,0.379009,0.785398,0.080000,-0.000000,
0.384666,0.384666,0.785398,0.080000,-0.000000,
0.390323,0.390323,0.785398,0.080000,-0.000000,
0.395980,0.395980,0.785398,0.080000,-0.000000,
0.401637,0.401637,0.785398,0.080000,-0.000000,
0.407294,0.407294,0.785398,0.080000,-0.000000,
0.412950,0.412950,0.785398,0.080000,-0.000000,
0.418607,0.418607,0.785398,0.080000,-0.000000,
0.424264,0.424264,0.785398,0.080000,-0.000000,

0.431335,0.431335,0.785398,0.100000,-0.000000,
0.438406,0.438406,0.785398,0.100000,-0.000000,
0.445477,0.445477,0.785398,0.100000,-0.000000,
0.452548,0.452548,0.785398,0.100000,-0.000000,
0.459619,0.459619,0.785398,0.100000,-0.000000,
0.466690,0.466690,0.785398,0.100000,-0.000000,
0.473762,0.473762,0.785398,0.100000,-0.000000,
0.480833,0.480833,0.785398,0.100000,-0.000000,
0.487904,0.487904,0.785398,0.100000,-0.000000,
0.494975,0.494975,0.785398,0.100000,-0.000000,
0.502046,0.502046,0.785398,0.100000,-0.000000,
0.509117,0.509117,0.785398,0.100000,-0.000000,
0.516188,0.516188,0.785398,0.100000,-0.000000,
0.523259,0.523259,0.785398,0.100000,-0.000000,
0.530330,0.530330,0.785398,0.100000,-0.000000,
0.537401,0.537401,0.785398,0.100000,-0.000000,
0.544472,0.544472,0.785398,0.100000,-0.000000,
0.551543,0.551543,0.785398,0.100000,-0.000000,
0.558614,0.558614,0.785398,0.100000,-0.000000,
0.565685,0.565685,0.785398,0.100000,-0.000000,
0.572757,0.572756,0.785398,0.100000,-0.000000,
0.579828,0.579828,0.785398,0.100000,-0.000000,
0.586899,0.586899,0.785398,0.100000,-0.000000,
0.593970,0.593970,0.785398,0.100000,-0.000000,
0.601041,0.601041,0.785398,0.100000,-0.000000,
0.608112,0.608112,0.785398,0.100000,-0.000000,
0.615183,0.615183,0.785398,0.100000,-0.000000,
0.622254,0.622254,0.785398,0.100000,-0.000000,
0.629325,0.629325,0.785398,0.100000,-0.000000,
0.636396,0.636396,0.785398,0.100000,-0.000000,

0.644881,0.644881,0.776672,0.120000,-0.087266,
0.653440,0.653292,0.767945,0.120000,-0.087266,
0.662072,0.661628,0.759218,0.120000,-0.087266,
0.670777,0.669888,0.750492,0.120000,-0.087266,
0.679553,0.678072,0.741765,0.120000,-0.087266,
0.688401,0.686180,0.733038,0.120000,-0.087266,
0.697318,0.694209,0.724312,0.120000,-0.087266,
0.706306,0.702161,0.715585,0.120000,-0.087266,
0.715362,0.710033,0.706858,0.120000,-0.087266,
0.724487,0.717827,0.698132,0.120000,-0.087266,
0.733680,0.725540,0.689405,0.120000,-0.087266,
0.742939,0.733173,0.680678,0.120000,-0.087266,
0.752265,0.740725,0.671952,0.120000,-0.087266,
0.761656,0.748195,0.663225,0.120000,-0.087266,
0.771112,0.755583,0.654498,0.120000,-0.087266,
0.780633,0.762888,0.645772,0.120000,-0.087266,
0.790216,0.770110,0.637045,0.120000,-0.087266,
0.799862,0.777248,0.628319,0.120000,-0.087266,
0.809571,0.784301,0.619592,0.120000,-0.087266,
0.819340,0.791270,0.610865,0.120000,-0.087266,
0.829170,0.798153,0.602139,0.120000,-0.087266,
0.839059,0.804949,0.593412,0.120000,-0.087266,
0.849008,0.811660,0.584685,0.120000,-0.087266,
0.859015,0.818283,0.575959,0.120000,-0.087266,
0.869079,0.824819,0.567232,0.120000,-0.087266,
0.879199,0.831266,0.558505,0.120000,-0.087266,
0.889376,0.837625,0.549779,0.120000,-0.087266,
0.899608,0.843895,0.541052,0.120000,-0.087266,
0.909894,0.850076,0.532325,0.120000,-0.087266,
0.920233,0.856166,0.523599,0.120000,-0.087266,

0.932357,0.863166,0.523599,0.140000,-0.000000,
0.944482,0.870166,0.523599,0.140000,-0.000000,
0.956606,0.877166,0.523599,0.140000,-0.000000,
0.968730,0.884166,0.523599,0.140000,-0.000000,
0.980855,0.891166,0.523599,0.140000,-0.000000,
0.992979,0.898166,0.523599,0.140000,-0.000000,
1.005104,0.905166,0.523599,0.140000,-0.000000,
1.017228,0.912166,0.523599,0.140000,-0.000000,
1.029352,0.919166,0.523599,0.140000,-0.000000,
1.041477,0.926166,0.523599,0.140000,-0.000000,
1.053601,0.933166,0.523599,0.140000,-0.000000,
1.065725,0.940166,0.523599,0.140000,-0.000000,
1.077850,0.947166,0.523599,0.140000,-0.000000,
1.089974,0.954166,0.523599,0.140000,-0.000000,
1.102098,0.961166,0.523599,0.140000,-0.000000,
1.114223,0.968166,0.523599,0.140000,-0.000000,
1.126347,0.975166,0.523599,0.140000,-0.000000,
1.138471,0.982166,0.523599,0.140000,-0.000000,
1.150596,0.989166,0.523599,0.140000,-0.000000,
1.162720,0.996166,0.523599,0.140000,-0.000000,
1.174845,1.003166,0.523599,0.140000,-0.000000,
1.186969,1.010166,0.523599,0.140000,-0.000000,
1.199093,1.017166,0.523599,0.140000,-0.000000,
1.211218,1.024166,0.523599,0.140000,-0.000000,
1.223342,1.031166,0.523599,0.140000,-0.000000,
1.235466,1.038166,0.523599,0.140000,-0.000000,
1.247591,1.045166,0.523599,0.140000,-0.000000,
1.259715,1.052166,0.523599,0.140000,-0.000000,
1.271839,1.059166,0.523599,0.140000,-0.000000,
1.283964,1.066166,0.523599,0.140000,-0.000000,

1.297820,1.074166,0.532325,0.160000,0.087266,
1.311606,1.082287,0.541052,0.160000,0.087266,
1.325321,1.090527,0.549779,0.160000,0.087266,
1.338963,1.098887,0.558505,0.160000,0.087266,
1.352532,1.107366,0.567232,0.160000,0.087266,
1.366026,1.115963,0.575959,0.160000,0.087266,
1.379445,1.124677,0.584685,0.160000,0.087266,
1.392787,1.133508,0.593412,0.160000,0.087266,
1.406052,1.142455,0.602139,0.160000,0.087266,
1.419238,1.151518,0.610865,0.160000,0.087266,
1.432344,1.160695,0.619592,0.160000,0.087266,
1.445370,1.169986,0.628319,0.160000,0.087266,
1.458314,1.179391,0.637045,0.160000,0.087266,
1.471176,1.188908,0.645772,0.160000,0.087266,
1.483954,1.198537,0.654498,0.160000,0.087266,
1.496648,1.208277,0.663225,0.160000,0.087266,
1.509256,1.218128,0.671952,0.160000,0.087266,
1.521778,1.228088,0.680678,0.160000,0.087266,
1.534212,1.238157,0.689405,0.160000,0.087266,
1.546558,1.248334,0.698132,0.160000,0.087266,
1.558815,1.258619,0.706858,0.160000,0.087266,
1.570981,1.269010,0.715585,0.160000,0.087266,
1.583057,1.279507,0.724312,0.160000,0.087266,
1.595040,1.290109,0.733038,0.160000,0.087266,
1.606930,1.300815,0.741765,0.160000,0.087266,
1.618727,1.311624,0.750492,0.160000,0.087266,
1.630428,1.322536,0.759218,0.160000,0.087266,
1.642034,1.333550,0.767945,0.160000,0.087266,
1.653544,1.344665,0.776672,0.160000,0.087266,
1.664956,1.355879,0.785398,0.160000,0.087266,

1.677684,1.368607,0.785398,0.180000,-0.000000,
1.690412,1.381335,0.785398,0.180000,-0.000000,
1.703139,1.394063,0.785398,0.180000,-0.000000,
1.715867,1.406791,0.785398,0.180000,-0.000000,
1.728595,1.419519,0.785398,0.180000,-0.000000,
1.741323,1.432247,0.785398,0.180000,-0.000000,
1.754051,1.444975,0.785398,0.180000,-0.000000,
1.766779,1.457703,0.785398,0.180000,-0.000000,
1.779507,1.470430,0.785398,0.180000,-0.000000,
1.792235,1.483158,0.785398,0.180000,-0.000000,
1.804963,1.495886,0.785398,0.180000,-0.000000,
1.817691,1.508614,0.785398,0.180000,-0.000000,
1.830419,1.521342,0.785398,0.180000,-0.000000,
1.843147,1.534070,0.785398,0.180000,-0.000000,
1.855875,1.546798,0.785398,0.180000,-0.000000,
1.868602,1.559526,0.785398,0.180000,-0.000000,
1.881330,1.572254,0.785398,0.180000,-0.000000,
1.894058,1.584982,0.785398,0.180000,-0.000000,
1.906786,1.597710,0.785398,0.180000,-0.000000,
1.919514,1.610438,0.785398,0.180000,-0.000000,
1.932242,1.623166,0.785398,0.180000,-0.000000,
1.944970,1.635893,0.785398,0.180000,-0.000000,
1.957698,1.648621,0.785398,0.180000,-0.000000,
1.970426,1.661349,0.785398,0.180000,-0.000000,
1.983154,1.674077,0.785398,0.180000,-0.000000,
1.995882,1.686805,0.785398,0.180000,-0.000000,
2.008610,1.699533,0.785398,0.180000,-0.000000,
2.021338,1.712261,0.785398,0.180000,-0.000000,
2.034065,1.724989,0.785398,0.180000,-0.000000,
2.046793,1.737717,0.785398,0.180000,-0.000000,

2.060936,1.751859,0.785398,0.200000,-0.000000,
2.075078,1.766001,0.785398,0.200000,-0.000000,
2.089220,1.780143,0.785398,0.200000,-0.000000,
2.103362,1.794285,0.785398,0.200000,-0.000000,
2.117504,1.808427,0.785398,0.200000,-0.000000,
2.131646,1.822570,0.785398,0.200000,-0.000000,
2.145788,1.836712,0.785398,0.200000,-0.000000,
2.159930,1.850854,0.785398,0.200000,-0.000000,
2.174073,1.864996,0.785398,0.200000,-0.000000,
2.188215,1.879138,0.785398,0.200000,-0.000000,
2.202357,1.893280,0.785398,0.200000,-0.000000,
2.216499,1.907422,0.785398,0.200000,-0.000000,
2.230641,1.921565,0.785398,0.200000,-0.000000,
2.244783,1.935707,0.785398,0.200000,-0.000000,
2.258925,1.949849,0.785398,0.200000,-0.000000,
2.273068,1.963991,0.785398,0.200000,-0.000000,
2.287210,1.978133,0.785398,0.200000,-0.000000,
2.301352,1.992275,0.785398,0.200000,-0.000000,
2.315494,2.006417,0.785398,0.200000,-0.000000,
2.329636,2.020560,0.785398,0.200000,-0.000000,
2.343778,2.034702,0.785398,0.200000,-0.000000,
2.357920,2.048844,0.785398,0.200000,-0.000000,
2.372062,2.062986,0.785398,0.200000,-0.000000,
2.386205,2.077128,0.785398,0.200000,-0.000000,
2.400347,2.091270,0.785398,0.200000,-0.000000,
2.414489,2.105412,0.785398,0.200000,-0.000000,
2.428631,2.119554,0.785398,0.200000,-0.000000,
2.442773,2.133697,0.785398,0.200000,-0.000000,
2.456915,2.147839,0.785398,0.200000,-0.000000,
2.471057,2.161981,0.785398,0.200000,-0.000000,

2.486614,2.177537,0.794125,0.220000,0.087266,
2.502034,2.193229,0.802851,0.220000,0.087266,
2.517316,2.209054,0.811578,0.220000,0.087266,
2.532460,2.225012,0.820305,0.220000,0.087266,
2.547464,2.241102,0.829031,0.220000,0.087266,
2.562327,2.257322,0.837758,0.220000,0.087266,
2.577048,2.273672,0.846485,0.220000,0.087266,
2.591626,2.290149,0.855211,0.220000,0.087266,
2.606059,2.306752,0.863938,0.220000,0.087266,
2.620347,2.323481,0.872665,0.220000,0.087266,
2.634488,2.340334,0.881391,0.220000,0.087266,
2.648482,2.357310,0.890118,0.220000,0.087266,
2.662327,2.374407,0.898845,0.220000,0.087266,
2.676022,2.391624,0.907571,0.220000,0.087266,
2.689567,2.408961,0.916298,0.220000,0.087266,
2.702959,2.426414,0.925024,0.220000,0.087266,
2.716199,2.443984,0.933751,0.220000,0.087266,
2.729285,2.461669,0.942478,0.220000,0.087266,
2.742217,2.479468,0.951204,0.220000,0.087266,
2.754992,2.497378,0.959931,0.220000,0.087266,
2.767611,2.515399,0.968658,0.220000,0.087266,
2.780072,2.533530,0.977384,0.220000,0.087266,
2.792374,2.551769,0.986111,0.220000,0.087266,
2.804517,2.570115,0.994838,0.220000,0.087266,
2.816499,2.588565,1.003564,0.220000,0.087266,
2.828319,2.607120,1.012291,0.220000,0.087266,
2.839978,2.625777,1.021018,0.220000,0.087266,
2.851473,2.644535,1.029744,0.220000,0.087266,
2.862803,2.663393,1.038471,0.220000,0.087266,
2.873969,2.682349,1.047198,0.220000,0.087266,

2.885969,2.703133,1.047198,0.240000,-0.000000,
2.897969,2.723918,1.047198,0.240000,-0.000000,
2.909969,2.744702,1.047198,0.240000,-0.000000,
2.921969,2.765487,1.047198,0.240000,-0.000000,
2.933969,2.786272,1.047198,0.240000,-0.000000,
2.945969,2.807056,1.047198,0.240000,-0.000000,
2.957969,2.827841,1.047198,0.240000,-0.000000,
2.969969,2.848625,1.047198,0.240000,-0.000000,
2.981969,2.869410,1.047198,0.240000,-0.000000,
2.993969,2.890195,1.047198,0.240000,-0.000000,
3.005969,2.910979,1.047198,0.240000,-0.000000,
3.017969,2.931764,1.047198,0.240000,-0.000000,
3.029969,2.952549,1.047198,0.240000,-0.000000,
3.041969,2.973333,1.047198,0.240000,-0.000000,
3.053969,2.994118,1.047198,0.240000,-0.000000,
3.065969,3.014902,1.047198,0.240000,-0.000000,
3.077969,3.035687,1.047198,0.240000,-0.000000,
3.089969,3.056472,1.047198,0.240000,-0.000000,
3.101969,3.077256,1.047198,0.240000,-0.000000,
3.113969,3.098041,1.047198,0.240000,-0.000000,
3.125969,3.118825,1.047198,0.240000,-0.000000,
3.137969,3.139610,1.047198,0.240000,-0.000000,
3.149969,3.160395,1.047198,0.240000,-0.000000,
3.161969,3.181179,1.047198,0.240000,-0.000000,
3.173969,3.201964,1.047198,0.240000,-0.000000,
3.185969,3.222748,1.047198,0.240000,-0.000000,
3.197969,3.243533,1.047198,0.240000,-0.000000,
3.209969,3.264318,1.047198,0.240000,-0.000000,
3.221969,3.285102,1.047198,0.240000,-0.000000,
3.233969,3.305887,1.047198,0.240000,-0.000000,

3.246969,3.328404,1.055924,0.260000,0.087266,
3.259772,3.351033,1.064651,0.260000,0.087266,
3.272377,3.373773,1.073377,0.260000,0.087266,
3.284783,3.396622,1.082104,0.260000,0.087266,
3.296990,3.419579,1.090831,0.260000,0.087266,
3.308995,3.442641,1.099557,0.260000,0.087266,
3.320799,3.465807,1.108284,0.260000,0.087266,
3.332400,3.489076,1.117011,0.260000,0.087266,
3.343798,3.512444,1.125737,0.260000,0.087266,
3.354991,3.535911,1.134464,0.260000,0.087266,
3.365979,3.559475,1.143191,0.260000,0.087266,
3.376761,3.583134,1.151917,0.260000,0.087266,
3.387336,3.606887,1.160644,0.260000,0.087266,
3.397704,3.630730,1.169371,0.260000,0.087266,
3.407863,3.654663,1.178097,0.260000,0.087266,
3.417812,3.678684,1.186824,0.260000,0.087266,
3.427552,3.702791,1.195551,0.260000,0.087266,
3.437081,3.726982,1.204277,0.260000,0.087266,
3.446399,3.751255,1.213004,0.260000,0.087266,
3.455504,3.775608,1.221730,0.260000,0.087266,
3.464397,3.800040,1.230457,0.260000,0.087266,
3.473076,3.824549,1.239184,0.260000,0.087266,
3.481541,3.849133,1.247910,0.260000,0.087266,
3.489790,3.873789,1.256637,0.260000,0.087266,
3.497825,3.898516,1.265364,0.260000,0.087266,
3.505643,3.923313,1.274090,0.260000,0.087266,
3.513245,3.948177,1.282817,0.260000,0.087266,
3.520629,3.973106,1.291544,0.260000,0.087266,
3.527796,3.998099,1.300270,0.260000,0.087266,
3.534744,4.023153,1.308997,0.260000,0.087266,

3.541991,4.050199,1.308997,0.280000,-0.000000,
3.549238,4.077245,1.308997,0.280000,-0.000000,
3.556485,4.104291,1.308997,0.280000,-0.000000,
3.563732,4.131337,1.308997,0.280000,-0.000000,
3.570979,4.158383,1.308997,0.280000,-0.000000,
3.578226,4.185429,1.308997,0.280000,-0.000000,
3.585473,4.212475,1.308997,0.280000,-0.000000,
3.592720,4.239521,1.308997,0.280000,-0.000000,
3.599966,4.266567,1.308997,0.280000,-0.000000,
3.607213,4.293613,1.308997,0.280000,-0.000000,
3.614460,4.320659,1.308997,0.280000,-0.000000,
3.621707,4.347705,1.308997,0.280000,-0.000000,
3.628954,4.374750,1.308997,0.280000,-0.000000,
3.636201,4.401796,1.308997,0.280000,-0.000000,
3.643448,4.428842,1.308997,0.280000,-0.000000,
3.650695,4.455888,1.308997,0.280000,-0.000000,
3.657942,4.482934,1.308997,0.280000,-0.000000,
3.665189,4.509980,1.308997,0.280000,-0.000000,
3.672436,4.537026,1.308997,0.280000,-0.000000,
3.679683,4.564072,1.308997,0.280000,-0.000000,
3.686930,4.591118,1.308997,0.280000,-0.000000,
3.694177,4.618164,1.308997,0.280000,-0.000000,
3.701424,4.645210,1.308997,0.280000,-0.000000,
3.708670,4.672256,1.308997,0.280000,-0.000000,
3.715917,4.699302,1.308997,0.280000,-0.000000,
3.723164,4.726347,1.308997,0.280000,-0.000000,
3.730411,4.753393,1.308997,0.280000,-0.000000,
3.737658,4.780439,1.308997,0.280000,-0.000000,
3.744905,4.807485,1.308997,0.280000,-0.000000,
3.752152,4.834531,1.308997,0.280000,-0.000000,

3.758881,4.859645,1.317724,0.260000,0.087266,
3.765391,4.884817,1.326450,0.260000,0.087266,
3.771681,4.910045,1.335177,0.260000,0.087266,
3.777751,4.935326,1.343904,0.260000,0.087266,
3.783600,4.960660,1.352630,0.260000,0.087266,
3.789227,4.986044,1.361357,0.260000,0.087266,
3.794633,5.011476,1.370083,0.260000,0.087266,
3.799816,5.036954,1.378810,0.260000,0.087266,
3.804777,5.062476,1.387537,0.260000,0.087266,
3.809515,5.088040,1.396263,0.260000,0.087266,
3.814030,5.113645,1.404990,0.260000,0.087266,
3.818321,5.139289,1.413717,0.260000,0.087266,
3.822389,5.164969,1.422443,0.260000,0.087266,
3.826232,5.190683,1.431170,0.260000,0.087266,
3.829850,5.216430,1.439897,0.260000,0.087266,
3.833244,5.242208,1.448623,0.260000,0.087266,
3.836413,5.268014,1.457350,0.260000,0.087266,
3.839356,5.293847,1.466077,0.260000,0.087266,
3.842074,5.319704,1.474803,0.260000,0.087266,
3.844566,5.345585,1.483530,0.260000,0.087266,
3.846832,5.371486,1.492256,0.260000,0.087266,
3.848872,5.397406,1.500983,0.260000,0.087266,
3.850685,5.423342,1.509710,0.260000,0.087266,
3.852273,5.449294,1.518436,0.260000,0.087266,
3.853633,5.475258,1.527163,0.260000,0.087266,
3.854767,5.501233,1.535890,0.260000,0.087266,
3.855675,5.527218,1.544616,0.260000,0.087266,
3.856355,5.553209,1.553343,0.260000,0.087266,
3.856809,5.579205,1.562070,0.260000,0.087266,
3.857036,5.605204,1.570796,0.260000,0.087266,

3.857036,5.633204,1.588250,0.280000,0.174533,
3.856547,5.661199,1.605703,0.280000,0.174533,
3.855570,5.689182,1.623156,0.280000,0.174533,
3.854105,5.717144,1.640609,0.280000,0.174533,
3.852152,5.745076,1.658063,0.280000,0.174533,
3.849711,5.772969,1.675516,0.280000,0.174533,
3.846784,5.800816,1.692969,0.280000,0.174533,
3.843372,5.828607,1.710423,0.280000,0.174533,
3.839475,5.856335,1.727876,0.280000,0.174533,
3.835095,5.883990,1.745329,0.280000,0.174533,
3.830233,5.911565,1.762783,0.280000,0.174533,
3.824890,5.939050,1.780236,0.280000,0.174533,
3.819069,5.966438,1.797689,0.280000,0.174533,
3.812770,5.993721,1.815142,0.280000,0.174533,
3.805996,6.020889,1.832596,0.280000,0.174533,
3.798749,6.047935,1.850049,0.280000,0.174533,
3.791032,6.074850,1.867502,0.280000,0.174533,
3.782845,6.101627,1.884956,0.280000,0.174533,
3.774193,6.128256,1.902409,0.280000,0.174533,
3.765077,6.154731,1.919862,0.280000,0.174533,
3.755500,6.181042,1.937315,0.280000,0.174533,
3.745466,6.207182,1.954769,0.280000,0.174533,
3.734977,6.233144,1.972222,0.280000,0.174533,
3.724036,6.258918,1.989675,0.280000,0.174533,
3.712648,6.284497,2.007129,0.280000,0.174533,
3.700814,6.309874,2.024582,0.280000,0.174533,
3.688540,6.335040,2.042035,0.280000,0.174533,
3.675828,6.359988,2.059488,0.280000,0.174533,
3.662683,6.384711,2.076942,0.280000,0.174533,
3.649109,6.409200,2.094395,0.280000,0.174533,

3.634109,6.435181,2.103122,0.300000,0.087266,
3.618882,6.461030,2.111848,0.300000,0.087266,
3.603431,6.486745,2.120575,0.300000,0.087266,
3.587756,6.512324,2.129302,0.300000,0.087266,
3.571859,6.537765,2.138028,0.300000,0.087266,
3.555740,6.563067,2.146755,0.300000,0.087266,
3.539401,6.588227,2.155482,0.300000,0.087266,
3.522842,6.613244,2.164208,0.300000,0.087266,
3.506067,6.638115,2.172935,0.300000,0.087266,
3.489074,6.662839,2.181662,0.300000,0.087266,
3.471867,6.687413,2.190388,0.300000,0.087266,
3.454446,6.711837,2.199115,0.300000,0.087266,
3.436813,6.736107,2.207841,0.300000,0.087266,
3.418968,6.760223,2.216568,0.300000,0.087266,
3.400913,6.784182,2.225295,0.300000,0.087266,
3.382651,6.807982,2.234021,0.300000,0.087266,
3.364181,6.831623,2.242748,0.300000,0.087266,
3.345505,6.855101,2.251475,0.300000,0.087266,
3.326626,6.878415,2.260201,0.300000,0.087266,
3.307543,6.901564,2.268928,0.300000,0.087266,
3.288260,6.924546,2.277655,0.300000,0.087266,
3.268776,6.947358,2.286381,0.300000,0.087266,
3.249094,6.969999,2.295108,0.300000,0.087266,
3.229216,6.992468,2.303835,0.300000,0.087266,
3.209142,7.014762,2.312561,0.300000,0.087266,
3.188874,7.036880,2.321288,0.300000,0.087266,
3.168414,7.058821,2.330015,0.300000,0.087266,
3.147764,7.080582,2.338741,0.300000,0.087266,
3.126924,7.102162,2.347468,0.300000,0.087266,
3.105897,7.123560,2.356194,0.300000,0.087266,

3.083269,7.146187,2.356194,0.320000,-0.000000,
3.060642,7.168815,2.356194,0.320000,-0.000000,
3.038014,7.191442,2.356194,0.320000,-0.000000,
3.015387,7.214070,2.356194,0.320000,-0.000000,
2.992760,7.236697,2.356194,0.320000,-0.000000,
2.970132,7.259324,2.356194,0.320000,-0.000000,
2.947505,7.281952,2.356194,0.320000,-0.000000,
2.924877,7.304579,2.356194,0.320000,-0.000000,
2.902250,7.327207,2.356194,0.320000,-0.000000,
2.879622,7.349834,2.356194,0.320000,-0.000000,
2.856995,7.372461,2.356194,0.320000,-0.000000,
2.834368,7.395089,2.356194,0.320000,-0.000000,
2.811740,7.417716,2.356194,0.320000,-0.000000,
2.789113,7.440344,2.356194,0.320000,-0.000000,
2.766485,7.462971,2.356194,0.320000,-0.000000,
2.743858,7.485599,2.356194,0.320000,-0.000000,
2.721231,7.508226,2.356194,0.320000,-0.000000,
2.698603,7.530853,2.356194,0.320000,-0.000000,
2.675976,7.553481,2.356194,0.320000,-0.000000,
2.653348,7.576108,2.356194,0.320000,-0.000000,
2.630721,7.598736,2.356194,0.320000,-0.000000,
2.608093,7.621363,2.356194,0.320000,-0.000000,
2.585466,7.643990,2.356194,0.320000,-0.000000,
2.562839,7.666618,2.356194,0.320000,-0.000000,
2.540211,7.689245,2.356194,0.320000,-0.000000,
2.517584,7.711873,2.356194,0.320000,-0.000000,
2.494956,7.734500,2.356194,0.320000,-0.000000,
2.472329,7.757128,2.356194,0.320000,-0.000000,
2.449702,7.779755,2.356194,0.320000,-0.000000,
2.427074,7.802382,2.356194,0.320000,-0.000000,

2.403033,7.826424,2.347468,0.340000,-0.087266,
2.379202,7.850675,2.338741,0.340000,-0.087266,
2.355583,7.875132,2.330015,0.340000,-0.087266,
2.332179,7.899795,2.321288,0.340000,-0.087266,
2.308991,7.924661,2.312561,0.340000,-0.087266,
2.286021,7.949728,2.303835,0.340000,-0.087266,
2.263271,7.974995,2.295108,0.340000,-0.087266,
2.240742,8.000460,2.286381,0.340000,-0.087266,
2.218436,8.026120,2.277655,0.340000,-0.087266,
2.196354,8.051974,2.268928,0.340000,-0.087266,
2.174500,8.078019,2.260201,0.340000,-0.087266,
2.152873,8.104254,2.251475,0.340000,-0.087266,
2.131476,8.130677,2.242748,0.340000,-0.087266,
2.110311,8.157286,2.234021,0.340000,-0.087266,
2.089378,8.184078,2.225295,0.340000,-0.087266,
2.068680,8.211052,2.216568,0.340000,-0.087266,
2.048218,8.238206,2.207841,0.340000,-0.087266,
2.027994,8.265537,2.199115,0.340000,-0.087266,
2.008010,8.293044,2.190388,0.340000,-0.087266,
1.988266,8.320724,2.181662,0.340000,-0.087266,
1.968764,8.348575,2.172935,0.340000,-0.087266,
1.949506,8.376595,2.164208,0.340000,-0.087266,
1.930494,8.404782,2.155482,0.340000,-0.087266,
1.911728,8.433135,2.146755,0.340000,-0.087266,
1.893210,8.461649,2.138028,0.340000,-0.087266,
1.874942,8.490325,2.129302,0.340000,-0.087266,
1.856925,8.519158,2.120575,0.340000,-0.087266,
1.839160,8.548148,2.111848,0.340000,-0.087266,
1.821649,8.577292,2.103122,0.340000,-0.087266,
1.804392,8.606587,2.094395,0.340000,-0.087266,

1.786392,8.637764,2.076942,0.360000,-0.174533,
1.768939,8.669250,2.059488,0.360000,-0.174533,
1.752038,8.701036,2.042035,0.360000,-0.174533,
1.735695,8.733113,2.024582,0.360000,-0.174533,
1.719913,8.765469,2.007129,0.360000,-0.174533,
1.704699,8.798096,1.989675,0.360000,-0.174533,
1.690056,8.830984,1.972222,0.360000,-0.174533,
1.675990,8.864122,1.954769,0.360000,-0.174533,
1.662504,8.897501,1.937315,0.360000,-0.174533,
1.649603,8.931110,1.919862,0.360000,-0.174533,
1.637290,8.964939,1.902409,0.360000,-0.174533,
1.625570,8.998977,1.884956,0.360000,-0.174533,
1.614445,9.033215,1.867502,0.360000,-0.174533,
1.603920,9.067642,1.850049,0.360000,-0.174533,
1.593997,9.102248,1.832596,0.360000,-0.174533,
1.584679,9.137021,1.815142,0.360000,-0.174533,
1.575970,9.171952,1.797689,0.360000,-0.174533,
1.567872,9.207029,1.780236,0.360000,-0.174533,
1.560387,9.242242,1.762783,0.360000,-0.174533,
1.553518,9.277581,1.745329,0.360000,-0.174533,
1.547267,9.313034,1.727876,0.360000,-0.174533,
1.541635,9.348591,1.710423,0.360000,-0.174533,
1.536625,9.384240,1.692969,0.360000,-0.174533,
1.532238,9.419972,1.675516,0.360000,-0.174533,
1.528475,9.455775,1.658063,0.360000,-0.174533,
1.525337,9.491638,1.640609,0.360000,-0.174533,
1.522826,9.527550,1.623156,0.360000,-0.174533,
1.520942,9.563501,1.605703,0.360000,-0.174533,
1.519685,9.599479,1.588250,0.360000,-0.174533,
1.519057,9.635473,1.570796,0.360000,-0.174533,

1.519057,9.673473,1.544616,0.380000,-0.261799,
1.520052,9.711460,1.518436,0.380000,-0.261799,
1.522040,9.749408,1.492256,0.380000,-0.261799,
1.525022,9.787291,1.466077,0.380000,-0.261799,
1.528994,9.825083,1.439897,0.380000,-0.261799,
1.533954,9.862758,1.413717,0.380000,-0.261799,
1.539899,9.900290,1.387537,0.380000,-0.261799,
1.546823,9.937654,1.361357,0.380000,-0.261799,
1.554724,9.974823,1.335177,0.380000,-0.261799,
1.563595,10.011773,1.308997,0.380000,-0.261799,
1.573430,10.048479,1.282817,0.380000,-0.261799,
1.584223,10.084914,1.256637,0.380000,-0.261799,
1.595965,10.121054,1.230457,0.380000,-0.261799,
1.608650,10.156874,1.204277,0.380000,-0.261799,
1.622268,10.192350,1.178097,0.380000,-0.261799,
1.636810,10.227458,1.151917,0.380000,-0.261799,
1.652266,10.262172,1.125737,0.380000,-0.261799,
1.668625,10.296471,1.099557,0.380000,-0.261799,
1.685877,10.330329,1.073377,0.380000,-0.261799,
1.704009,10.363724,1.047198,0.380000,-0.261799,
1.723009,10.396633,1.021018,0.380000,-0.261799,
1.742864,10.429033,0.994838,0.380000,-0.261799,
1.763560,10.460903,0.968658,0.380000,-0.261799,
1.785084,10.492220,0.942478,0.380000,-0.261799,
1.807420,10.522962,0.916298,0.380000,-0.261799,
1.830553,10.553110,0.890118,0.380000,-0.261799,
1.854467,10.582641,0.863938,0.380000,-0.261799,
1.879146,10.611537,0.837758,0.380000,-0.261799,
1.904573,10.639776,0.811578,0.380000,-0.261799,
1.930730,10.667340,0.785398,0.380000,-0.261799,

1.959014,10.695625,0.753982,0.400000,-0.314159,
1.988173,10.723007,0.722566,0.400000,-0.314159,
2.018178,10.749459,0.691150,0.400000,-0.314159,
2.048998,10.774956,0.659734,0.400000,-0.314159,
2.080604,10.799472,0.628319,0.400000,-0.314159,
2.112965,10.822984,0.596903,0.400000,-0.314159,
2.146048,10.845467,0.565487,0.400000,-0.314159,
2.179821,10.866900,0.534071,0.400000,-0.314159,
2.214251,10.887262,0.502655,0.400000,-0.314159,
2.249303,10.906532,0.471239,0.400000,-0.314159,
2.284944,10.924691,0.439823,0.400000,-0.314159,
2.321137,10.941723,0.408407,0.400000,-0.314159,
2.357847,10.957609,0.376991,0.400000,-0.314159,
2.395038,10.972334,0.345575,0.400000,-0.314159,
2.432673,10.985883,0.314159,0.400000,-0.314159,
2.470715,10.998244,0.282743,0.400000,-0.314159,
2.509127,11.009403,0.251327,0.400000,-0.314159,
2.547870,11.019351,0.219911,0.400000,-0.314159,
2.586907,11.028077,0.188496,0.400000,-0.314159,
2.626199,11.035572,0.157080,0.400000,-0.314159,
2.665706,11.041829,0.125664,0.400000,-0.314159,
2.705391,11.046843,0.094248,0.400000,-0.314159,
2.745213,11.050607,0.062832,0.400000,-0.314159,
2.785134,11.053119,0.031416,0.400000,-0.314159,
2.825115,11.054375,-0.000000,0.400000,-0.314159,
2.865115,11.054375,-0.031416,0.400000,-0.314159,
2.905095,11.053119,-0.062832,0.400000,-0.314159,
2.945016,11.050607,-0.094248,0.400000,-0.314159,
2.984838,11.046843,-0.125664,0.400000,-0.314159,
3.024523,11.041829,-0.157080,0.400000,-0.314159,

3.066006,11.035259,-0.181514,0.420000,-0.244346,
3.107316,11.027677,-0.205949,0.420000,-0.244346,
3.148428,11.019088,-0.230383,0.420000,-0.244346,
3.189319,11.009498,-0.254818,0.420000,-0.244346,
3.229962,10.998911,-0.279253,0.420000,-0.244346,
3.270335,10.987334,-0.303687,0.420000,-0.244346,
3.310413,10.974774,-0.328122,0.420000,-0.244346,
3.350173,10.961239,-0.352557,0.420000,-0.244346,
3.389589,10.946737,-0.376991,0.420000,-0.244346,
3.428640,10.931275,-0.401426,0.420000,-0.244346,
3.467301,10.914865,-0.425860,0.420000,-0.244346,
3.505550,10.897514,-0.450295,0.420000,-0.244346,
3.543363,10.879235,-0.474730,0.420000,-0.244346,
3.580719,10.860037,-0.499164,0.420000,-0.244346,
3.617594,10.839931,-0.523599,0.420000,-0.244346,
3.653967,10.818931,-0.548033,0.420000,-0.244346,
3.689816,10.797049,-0.572468,0.420000,-0.244346,
3.725120,10.774297,-0.596903,0.420000,-0.244346,
3.759858,10.750690,-0.621337,0.420000,-0.244346,
3.794008,10.726241,-0.645772,0.420000,-0.244346,
3.827550,10.700964,-0.670206,0.420000,-0.244346,
3.860466,10.674876,-0.694641,0.420000,-0.244346,
3.892734,10.647992,-0.719076,0.420000,-0.244346,
3.924335,10.620327,-0.743510,0.420000,-0.244346,
3.955251,10.591898,-0.767945,0.420000,-0.244346,
3.985463,10.562722,-0.792379,0.420000,-0.244346,
4.014954,10.532817,-0.816814,0.420000,-0.244346,
4.043705,10.502200,-0.841249,0.420000,-0.244346,
4.071699,10.470890,-0.865683,0.420000,-0.244346,
4.098920,10.438906,-0.890118,0.420000,-0.244346,

4.098920,10.438906,-0.890118,0.000000,0.000000,
4.098920,10.438906,-0.890118,0.000000,0.000000,
4.098920,10.438906,-0.890118,0.000000,0.000000,
4.098920,10.438906,-0.890118,0.000000,0.000000,
4.098920,10.438906,-0.890118,0.000000,0.000000,
4.098920,10.438906,-0.890118,0.000000,0.000000,
4.098920,10.438906,-0.890118,0.000000,0.000000,
4.098920,10.438906,-0.890118,0.000000,0.000000,
4.098920,10.438906,-0.890118,0.000000,0.000000,
4.098920,10.438906,-0.890118,0.000000,0.000000,
4.098920,10.438906,-0.890118,0.000000,0.000000,
4.098920,10.438906,-0.890118,0.000000,0.000000,
4.098920,10.438906,-0.890118,0.000000,0.000000,
4.098920,10.438906,-0.890118,0.000000,0.000000,
4.098920,10.438906,-0.890118,0.000000,0.000000,
4.098920,10.438906,-0.890118,0.000000,0.000000,
4.098920,10.438906,-0.890118,0.000000,0.000000,
4.098920,10.438906,-0.890118,0.000000,0.000000,
4.098920,10.438906,-0.890118,0.000000,0.000000,
4.098920,10.438906,-0.890118,0.000000,0.000000,
4.098920,10.438906,-0.890118,0.000000,0.000000,
4.098920,10.438906,-0.890118,0.000000,0.000000,
4.098920,10.438906,-0.890118,0.000000,0.000000,
4.098920,10.438906,-0.890118,0.000000,0.000000,
4.098920,10.438906,-0.890118,0.000000,0.000000,
4.098920,10.438906,-0.890118,0.000000,0.000000,
4.098920,10.438906,-0.890118,0.000000,0.000000,
4.098920,10.438906,-0.890118,0.000000,0.000000,
4.098920,10.438906,-0.890118,0.000000,0.000000,
4.098920,10.438906,-0.890118,0.000000,0.000000,

4.100179,10.437352,-0.881391,0.020000,0.087266,
4.101451,10.435808,-0.872665,0.020000,0.087266,
4.102736,10.434276,-0.863938,0.020000,0.087266,
4.104035,10.432755,-0.855211,0.020000,0.087266,
4.105347,10.431246,-0.846485,0.020000,0.087266,
4.106673,10.429748,-0.837758,0.020000,0.087266,
4.108011,10.428262,-0.829031,0.020000,0.087266,
4.109362,10.426787,-0.820305,0.020000,0.087266,
4.110726,10.425324,-0.811578,0.020000,0.087266,
4.112103,10.423874,-0.802851,0.020000,0.087266,
4.113492,10.422435,-0.794125,0.020000,0.087266,
4.114894,10.421009,-0.785398,0.020000,0.087266,
4.116308,10.419594,-0.776672,0.020000,0.087266,
4.117735,10.418193,-0.767945,0.020000,0.087266,
4.119173,10.416803,-0.759218,0.020000,0.087266,
4.120624,10.415427,-0.750492,0.020000,0.087266,
4.122087,10.414063,-0.741765,0.020000,0.087266,
4.123561,10.412711,-0.733038,0.020000,0.087266,
4.125048,10.411373,-0.724312,0.020000,0.087266,
4.126546,10.410048,-0.715585,0.020000,0.087266,
4.128055,10.408736,-0.706858,0.020000,0.087266,
4.129576,10.407437,-0.698132,0.020000,0.087266,
4.131108,10.406151,-0.689405,0.020000,0.087266,
4.132651,10.404879,-0.680678,0.020000,0.087266,
4.134205,10.403620,-0.671952,0.020000,0.087266,
4.135771,10.402375,-0.663225,0.020000,0.087266,
4.137347,10.401144,-0.654498,0.020000,0.087266,
4.138933,10.399927,-0.645772,0.020000,0.087266,
4.140531,10.398723,-0.637045,0.020000,0.087266,
4.142138,10.397533,-0.628319,0.020000,0.087266,

4.145374,10.395182,-0.610865,0.040000,0.174533,
4.148651,10.392888,-0.593412,0.040000,0.174533,
4.151967,10.390651,-0.575959,0.040000,0.174533,
4.155322,10.388473,-0.558505,0.040000,0.174533,
4.158714,10.386353,-0.541052,0.040000,0.174533,
4.162143,10.384293,-0.523599,0.040000,0.174533,
4.165607,10.382293,-0.506145,0.040000,0.174533,
4.169105,10.380353,-0.488692,0.040000,0.174533,
4.172637,10.378476,-0.471239,0.040000,0.174533,
4.176201,10.376660,-0.453786,0.040000,0.174533,
4.179796,10.374906,-0.436332,0.040000,0.174533,
4.183422,10.373216,-0.418879,0.040000,0.174533,
4.187076,10.371589,-0.401426,0.040000,0.174533,
4.190758,10.370026,-0.383972,0.040000,0.174533,
4.194467,10.368527,-0.366519,0.040000,0.174533,
4.198201,10.367094,-0.349066,0.040000,0.174533,
4.201960,10.365726,-0.331613,0.040000,0.174533,
4.205742,10.364424,-0.314159,0.040000,0.174533,
4.209546,10.363187,-0.296706,0.040000,0.174533,
4.213371,10.362018,-0.279253,0.040000,0.174533,
4.217216,10.360915,-0.261799,0.040000,0.174533,
4.221080,10.359880,-0.244346,0.040000,0.174533,
4.224961,10.358912,-0.226893,0.040000,0.174533,
4.228859,10.358013,-0.209440,0.040000,0.174533,
4.232771,10.357181,-0.191986,0.040000,0.174533,
4.236698,10.356418,-0.174533,0.040000,0.174533,
4.240637,10.355723,-0.157080,0.040000,0.174533,
4.244588,10.355097,-0.139626,0.040000,0.174533,
4.248549,10.354541,-0.122173,0.040000,0.174533,
4.252519,10.354053,-0.104720,0.040000,0.174533,

4.258486,10.353426,-0.095993,0.060000,0.087266,
4.264458,10.352851,-0.087266,0.060000,0.087266,
4.270436,10.352328,-0.078540,0.060000,0.087266,
4.276417,10.351857,-0.069813,0.060000,0.087266,
4.282402,10.351439,-0.061087,0.060000,0.087266,
4.288391,10.351072,-0.052360,0.060000,0.087266,
4.294383,10.350758,-0.043633,0.060000,0.087266,
4.300377,10.350497,-0.034907,0.060000,0.087266,
4.306374,10.350287,-0.026180,0.060000,0.087266,
4.312372,10.350130,-0.017453,0.060000,0.087266,
4.318371,10.350026,-0.008727,0.060000,0.087266,
4.324370,10.349973,-0.000000,0.060000,0.087266,
4.330370,10.349973,0.008727,0.060000,0.087266,
4.336370,10.350026,0.017453,0.060000,0.087266,
4.342369,10.350130,0.026180,0.060000,0.087266,
4.348367,10.350287,0.034907,0.060000,0.087266,
4.354364,10.350497,0.043633,0.060000,0.087266,
4.360358,10.350758,0.052360,0.060000,0.087266,
4.366350,10.351072,0.061087,0.060000,0.087266,
4.372338,10.351439,0.069813,0.060000,0.087266,
4.378324,10.351857,0.078540,0.060000,0.087266,
4.384305,10.352328,0.087266,0.060000,0.087266,
4.390283,10.352851,0.095993,0.060000,0.087266,
4.396255,10.353426,0.104720,0.060000,0.087266,
4.402222,10.354053,0.113446,0.060000,0.087266,
4.408183,10.354732,0.122173,0.060000,0.087266,
4.414139,10.355464,0.130900,0.060000,0.087266,
4.420087,10.356247,0.139626,0.060000,0.087266,
4.426029,10.357082,0.148353,0.060000,0.087266,
4.431963,10.357969,0.157080,0.060000,0.087266,

4.439865,10.359220,0.174533,0.080000,0.174533,
4.447743,10.360609,0.191986,0.080000,0.174533,
4.455596,10.362136,0.209440,0.080000,0.174533,
4.463421,10.363799,0.226893,0.080000,0.174533,
4.471216,10.365599,0.244346,0.080000,0.174533,
4.478979,10.367534,0.261799,0.080000,0.174533,
4.486706,10.369605,0.279253,0.080000,0.174533,
4.494396,10.371810,0.296706,0.080000,0.174533,
4.502047,10.374149,0.314159,0.080000,0.174533,
4.509655,10.376621,0.331613,0.080000,0.174533,
4.517219,10.379225,0.349066,0.080000,0.174533,
4.524737,10.381962,0.366519,0.080000,0.174533,
4.532205,10.384829,0.383972,0.080000,0.174533,
4.539623,10.387825,0.401426,0.080000,0.174533,
4.546987,10.390951,0.418879,0.080000,0.174533,
4.554295,10.394205,0.436332,0.080000,0.174533,
4.561546,10.397586,0.453786,0.080000,0.174533,
4.568736,10.401093,0.471239,0.080000,0.174533,
4.575864,10.404725,0.488692,0.080000,0.174533,
4.582928,10.408481,0.506145,0.080000,0.174533,
4.589925,10.412359,0.523599,0.080000,0.174533,
4.596853,10.416359,0.541052,0.080000,0.174533,
4.603710,10.420480,0.558505,0.080000,0.174533,
4.610495,10.424719,0.575959,0.080000,0.174533,
4.617204,10.429076,0.593412,0.080000,0.174533,
4.623836,10.433550,0.610865,0.080000,0.174533,
4.630389,10.438138,0.628319,0.080000,0.174533,
4.636862,10.442840,0.645772,0.080000,0.174533,
4.643251,10.447655,0.663225,0.080000,0.174533,
4.649555,10.452580,0.680678,0.080000,0.174533,

4.657326,10.458873,0.689405,0.100000,0.087266,
4.665042,10.465234,0.698132,0.100000,0.087266,
4.672703,10.471662,0.706858,0.100000,0.087266,
4.680307,10.478157,0.715585,0.100000,0.087266,
4.687854,10.484717,0.724312,0.100000,0.087266,
4.695344,10.491343,0.733038,0.100000,0.087266,
4.702775,10.498035,0.741765,0.100000,0.087266,
4.710148,10.504791,0.750492,0.100000,0.087266,
4.717461,10.511611,0.759218,0.100000,0.087266,
4.724715,10.518494,0.767945,0.100000,0.087266,
4.731908,10.525441,0.776672,0.100000,0.087266,
4.739041,10.532450,0.785398,0.100000,0.087266,
4.746112,10.539521,0.794125,0.100000,0.087266,
4.753121,10.546653,0.802851,0.100000,0.087266,
4.760068,10.553847,0.811578,0.100000,0.087266,
4.766951,10.561101,0.820305,0.100000,0.087266,
4.773771,10.568414,0.829031,0.100000,0.087266,
4.780527,10.575787,0.837758,0.100000,0.087266,
4.787218,10.583218,0.846485,0.100000,0.087266,
4.793845,10.590708,0.855211,0.100000,0.087266,
4.800405,10.598255,0.863938,0.100000,0.087266,
4.806900,10.605859,0.872665,0.100000,0.087266,
4.813328,10.613519,0.881391,0.100000,0.087266,
4.819688,10.621236,0.890118,0.100000,0.087266,
4.825982,10.629007,0.898845,0.100000,0.087266,
4.832207,10.636833,0.907571,0.100000,0.087266,
4.838363,10.644713,0.916298,0.100000,0.087266,
4.844451,10.652647,0.925024,0.100000,0.087266,
4.850469,10.660633,0.933751,0.100000,0.087266,
4.856417,10.668672,0.942478,0.100000,0.087266,

4.863471,10.678380,0.942478,0.120000,-0.000000,
4.870524,10.688088,0.942478,0.120000,-0.000000,
4.877578,10.697796,0.942478,0.120000,-0.000000,
4.884631,10.707505,0.942478,0.120000,-0.000000,
4.891684,10.717213,0.942478,0.120000,-0.000000,
4.898738,10.726921,0.942478,0.120000,-0.000000,
4.905791,10.736629,0.942478,0.120000,-0.000000,
4.912845,10.746337,0.942478,0.120000,-0.000000,
4.919898,10.756046,0.942478,0.120000,-0.000000,
4.926952,10.765754,0.942478,0.120000,-0.000000,
4.934005,10.775462,0.942478,0.120000,-0.000000,
4.941058,10.785170,0.942478,0.120000,-0.000000,
4.948112,10.794878,0.942478,0.120000,-0.000000,
4.955165,10.804587,0.942478,0.120000,-0.000000,
4.962219,10.814295,0.942478,0.120000,-0.000000,
4.969272,10.824003,0.942478,0.120000,-0.000000,
4.976326,10.833711,0.942478,0.120000,-0.000000,
4.983379,10.843419,0.942478,0.120000,-0.000000,
4.990432,10.853128,0.942478,0.120000,-0.000000,
4.997486,10.862836,0.942478,0.120000,-0.000000,
5.004539,10.872544,0.942478,0.120000,-0.000000,
5.011593,10.882252,0.942478,0.120000,-0.000000,
5.018646,10.891960,0.942478,0.120000,-0.000000,
5.025700,10.901669,0.942478,0.120000,-0.000000,
5.032753,10.911377,0.942478,0.120000,-0.000000,
5.039806,10.921085,0.942478,0.120000,-0.000000,
5.046860,10.930793,0.942478,0.120000,-0.000000,
5.053913,10.940502,0.942478,0.120000,-0.000000,
5.060967,10.950210,0.942478,0.120000,-0.000000,
5.068020,10.959918,0.942478,0.120000,-0.000000,

5.076249,10.971244,0.933751,0.140000,-0.087266,
5.084577,10.982498,0.925024,0.140000,-0.087266,
5.093002,10.993679,0.916298,0.140000,-0.087266,
5.101525,11.004786,0.907571,0.140000,-0.087266,
5.110144,11.015818,0.898845,0.140000,-0.087266,
5.118859,11.026775,0.890118,0.140000,-0.087266,
5.127670,11.037655,0.881391,0.140000,-0.087266,
5.136575,11.048457,0.872665,0.140000,-0.087266,
5.145574,11.059182,0.863938,0.140000,-0.087266,
5.154666,11.069828,0.855211,0.140000,-0.087266,
5.163851,11.080394,0.846485,0.140000,-0.087266,
5.173128,11.090879,0.837758,0.140000,-0.087266,
5.182495,11.101283,0.829031,0.140000,-0.087266,
5.191954,11.111605,0.820305,0.140000,-0.087266,
5.201502,11.121844,0.811578,0.140000,-0.087266,
5.211139,11.131999,0.802851,0.140000,-0.087266,
5.220864,11.142070,0.794125,0.140000,-0.087266,
5.230676,11.152055,0.785398,0.140000,-0.087266,
5.240576,11.161955,0.776672,0.140000,-0.087266,
5.250561,11.171768,0.767945,0.140000,-0.087266,
5.260632,11.181493,0.759218,0.140000,-0.087266,
5.270787,11.191130,0.750492,0.140000,-0.087266,
5.281026,11.200678,0.741765,0.140000,-0.087266,
5.291348,11.210136,0.733038,0.140000,-0.087266,
5.301752,11.219504,0.724312,0.140000,-0.087266,
5.312238,11.228781,0.715585,0.140000,-0.087266,
5.322804,11.237965,0.706858,0.140000,-0.087266,
5.333449,11.247058,0.698132,0.140000,-0.087266,
5.344174,11.256057,0.689405,0.140000,-0.087266,
5.354977,11.264962,0.680678,0.140000,-0.087266,

5.367411,11.275031,0.663225,0.160000,-0.174533,
5.380019,11.284882,0.645772,0.160000,-0.174533,
5.392797,11.294511,0.628319,0.160000,-0.174533,
5.405742,11.303915,0.610865,0.160000,-0.174533,
5.418848,11.313092,0.593412,0.160000,-0.174533,
5.432113,11.322039,0.575959,0.160000,-0.174533,
5.445531,11.330754,0.558505,0.160000,-0.174533,
5.459100,11.339232,0.541052,0.160000,-0.174533,
5.472815,11.347473,0.523599,0.160000,-0.174533,
5.486671,11.355473,0.506145,0.160000,-0.174533,
5.500665,11.363230,0.488692,0.160000,-0.174533,
5.514792,11.370741,0.471239,0.160000,-0.174533,
5.529048,11.378005,0.453786,0.160000,-0.174533,
5.543429,11.385019,0.436332,0.160000,-0.174533,
5.557930,11.391781,0.418879,0.160000,-0.174533,
5.572547,11.398289,0.401426,0.160000,-0.174533,
5.587275,11.404541,0.383972,0.160000,-0.174533,
5.602110,11.410534,0.366519,0.160000,-0.174533,
5.617047,11.416268,0.349066,0.160000,-0.174533,
5.632082,11.421741,0.331613,0.160000,-0.174533,
5.647211,11.426950,0.314159,0.160000,-0.174533,
5.662427,11.431894,0.296706,0.160000,-0.174533,
5.677728,11.436572,0.279253,0.160000,-0.174533,
5.693108,11.440982,0.261799,0.160000,-0.174533,
5.708563,11.445123,0.244346,0.160000,-0.174533,
5.724088,11.448994,0.226893,0.160000,-0.174533,
5.739678,11.452593,0.209440,0.160000,-0.174533,
5.755328,11.455920,0.191986,0.160000,-0.174533,
5.771034,11.458973,0.174533,0.160000,-0.174533,
5.786791,11.461751,0.157080,0.160000,-0.174533,

5.804570,11.464567,0.139626,0.180000,-0.174533,
5.822394,11.467072,0.122173,0.180000,-0.174533,
5.840260,11.469266,0.104720,0.180000,-0.174533,
5.858162,11.471147,0.087266,0.180000,-0.174533,
5.876093,11.472716,0.069813,0.180000,-0.174533,
5.894049,11.473972,0.052360,0.180000,-0.174533,
5.912025,11.474914,0.034907,0.180000,-0.174533,
5.930014,11.475542,0.017453,0.180000,-0.174533,
5.948011,11.475856,-0.000000,0.180000,-0.174533,
5.966011,11.475856,-0.017453,0.180000,-0.174533,
5.984008,11.475542,-0.034907,0.180000,-0.174533,
6.001997,11.474914,-0.052360,0.180000,-0.174533,
6.019973,11.473972,-0.069813,0.180000,-0.174533,
6.037929,11.472716,-0.087266,0.180000,-0.174533,
6.055860,11.471147,-0.104720,0.180000,-0.174533,
6.073762,11.469266,-0.122173,0.180000,-0.174533,
6.091627,11.467072,-0.139626,0.180000,-0.174533,
6.109452,11.464567,-0.157080,0.180000,-0.174533,
6.127231,11.461751,-0.174533,0.180000,-0.174533,
6.144957,11.458625,-0.191986,0.180000,-0.174533,
6.162627,11.455191,-0.209440,0.180000,-0.174533,
6.180233,11.451448,-0.226893,0.180000,-0.174533,
6.197772,11.447399,-0.244346,0.180000,-0.174533,
6.215237,11.443045,-0.261799,0.180000,-0.174533,
6.232624,11.438386,-0.279253,0.180000,-0.174533,
6.249927,11.433424,-0.296706,0.180000,-0.174533,
6.267140,11.428162,-0.314159,0.180000,-0.174533,
6.284259,11.422599,-0.331613,0.180000,-0.174533,
6.301278,11.416739,-0.349066,0.180000,-0.174533,
6.318193,11.410583,-0.366519,0.180000,-0.174533,

6.336864,11.403416,-0.375246,0.200000,-0.087266,
6.355473,11.396085,-0.383972,0.200000,-0.087266,
6.374016,11.388593,-0.392699,0.200000,-0.087266,
6.392494,11.380940,-0.401426,0.200000,-0.087266,
6.410904,11.373125,-0.410152,0.200000,-0.087266,
6.429245,11.365150,-0.418879,0.200000,-0.087266,
6.447516,11.357015,-0.427606,0.200000,-0.087266,
6.465716,11.348721,-0.436332,0.200000,-0.087266,
6.483842,11.340269,-0.445059,0.200000,-0.087266,
6.501893,11.331659,-0.453786,0.200000,-0.087266,
6.519869,11.322891,-0.462512,0.200000,-0.087266,
6.537768,11.313968,-0.471239,0.200000,-0.087266,
6.555588,11.304888,-0.479966,0.200000,-0.087266,
6.573328,11.295653,-0.488692,0.200000,-0.087266,
6.590987,11.286263,-0.497419,0.200000,-0.087266,
6.608564,11.276720,-0.506145,0.200000,-0.087266,
6.626056,11.267024,-0.514872,0.200000,-0.087266,
6.643463,11.257175,-0.523599,0.200000,-0.087266,
6.660784,11.247175,-0.532325,0.200000,-0.087266,
6.678016,11.237025,-0.541052,0.200000,-0.087266,
6.695160,11.226724,-0.549779,0.200000,-0.087266,
6.712212,11.216274,-0.558505,0.200000,-0.087266,
6.729173,11.205676,-0.567232,0.200000,-0.087266,
6.746041,11.194930,-0.575959,0.200000,-0.087266,
6.762815,11.184037,-0.584685,0.200000,-0.087266,
6.779492,11.172998,-0.593412,0.200000,-0.087266,
6.796073,11.161814,-0.602139,0.200000,-0.087266,
6.812556,11.150486,-0.610865,0.200000,-0.087266,
6.828939,11.139015,-0.619592,0.200000,-0.087266,
6.845221,11.127400,-0.628319,0.200000,-0.087266,

6.863019,11.114469,-0.628319,0.220000,-0.000000,
6.880818,11.101538,-0.628319,0.220000,-0.000000,
6.898616,11.088607,-0.628319,0.220000,-0.000000,
6.916414,11.075675,-0.628319,0.220000,-0.000000,
6.934213,11.062744,-0.628319,0.220000,-0.000000,
6.952011,11.049813,-0.628319,0.220000,-0.000000,
6.969809,11.036882,-0.628319,0.220000,-0.000000,
6.987608,11.023950,-0.628319,0.220000,-0.000000,
7.005406,11.011019,-0.628319,0.220000,-0.000000,
7.023205,10.998088,-0.628319,0.220000,-0.000000,
7.041003,10.985156,-0.628319,0.220000,-0.000000,
7.058801,10.972225,-0.628319,0.220000,-0.000000,
7.076600,10.959294,-0.628319,0.220000,-0.000000,
7.094398,10.946363,-0.628319,0.220000,-0.000000,
7.112196,10.933431,-0.628319,0.220000,-0.000000,
7.129995,10.920500,-0.628319,0.220000,-0.000000,
7.147793,10.907569,-0.628319,0.220000,-0.000000,
7.165592,10.894638,-0.628319,0.220000,-0.000000,
7.183390,10.881706,-0.628319,0.220000,-0.000000,
7.201188,10.868775,-0.628319,0.220000,-0.000000,
7.218987,10.855844,-0.628319,0.220000,-0.000000,
7.236785,10.842912,-0.628319,0.220000,-0.000000,
7.254583,10.829981,-0.628319,0.220000,-0.000000,
7.272382,10.817050,-0.628319,0.220000,-0.000000,
7.290180,10.804119,-0.628319,0.220000,-0.000000,
7.307979,10.791187,-0.628319,0.220000,-0.000000,
7.325777,10.778256,-0.628319,0.220000,-0.000000,
7.343575,10.765325,-0.628319,0.220000,-0.000000,
7.361374,10.752394,-0.628319,0.220000,-0.000000,
7.379172,10.739462,-0.628319,0.220000,-0.000000,

7.398589,10.725355,-0.619592,0.240000,0.087266,
7.418127,10.711419,-0.610865,0.240000,0.087266,
7.437787,10.697653,-0.602139,0.240000,0.087266,
7.457566,10.684059,-0.593412,0.240000,0.087266,
7.477463,10.670638,-0.584685,0.240000,0.087266,
7.497476,10.657392,-0.575959,0.240000,0.087266,
7.517604,10.644320,-0.567232,0.240000,0.087266,
7.537846,10.631425,-0.558505,0.240000,0.087266,
7.558199,10.618707,-0.549779,0.240000,0.087266,
7.578662,10.606167,-0.541052,0.240000,0.087266,
7.599234,10.593806,-0.532325,0.240000,0.087266,
7.619913,10.581625,-0.523599,0.240000,0.087266,
7.640698,10.569625,-0.514872,0.240000,0.087266,
7.661586,10.557807,-0.506145,0.240000,0.087266,
7.682577,10.546172,-0.497419,0.240000,0.087266,
7.703669,10.534720,-0.488692,0.240000,0.087266,
7.724860,10.523453,-0.479966,0.240000,0.087266,
7.746148,10.512371,-0.471239,0.240000,0.087266,
7.767532,10.501475,-0.462512,0.240000,0.087266,
7.789010,10.490766,-0.453786,0.240000,0.087266,
7.810582,10.480245,-0.445059,0.240000,0.087266,
7.832244,10.469913,-0.436332,0.240000,0.087266,
7.853995,10.459770,-0.427606,0.240000,0.087266,
7.875834,10.449818,-0.418879,0.240000,0.087266,
7.897759,10.440056,-0.410152,0.240000,0.087266,
7.919769,10.430486,-0.401426,0.240000,0.087266,
7.941861,10.421108,-0.392699,0.240000,0.087266,
7.964034,10.411924,-0.383972,0.240000,0.087266,
7.986286,10.402933,-0.375246,0.240000,0.087266,
8.008616,10.394137,-0.366519,0.240000,0.087266,

8.032889,10.384820,-0.350811,0.260000,0.157080,
8.057306,10.375885,-0.335103,0.260000,0.157080,
8.081860,10.367334,-0.319395,0.260000,0.157080,
8.106545,10.359170,-0.303687,0.260000,0.157080,
8.131355,10.351395,-0.287979,0.260000,0.157080,
8.156284,10.344011,-0.272271,0.260000,0.157080,
8.181326,10.337019,-0.256563,0.260000,0.157080,
8.206475,10.330421,-0.240855,0.260000,0.157080,
8.231725,10.324219,-0.225147,0.260000,0.157080,
8.257069,10.318415,-0.209440,0.260000,0.157080,
8.282500,10.313009,-0.193732,0.260000,0.157080,
8.308014,10.308004,-0.178024,0.260000,0.157080,
8.333603,10.303399,-0.162316,0.260000,0.157080,
8.359261,10.299198,-0.146608,0.260000,0.157080,
8.384982,10.295400,-0.130900,0.260000,0.157080,
8.410760,10.292006,-0.115192,0.260000,0.157080,
8.436588,10.289017,-0.099484,0.260000,0.157080,
8.462459,10.286435,-0.083776,0.260000,0.157080,
8.488368,10.284260,-0.068068,0.260000,0.157080,
8.514308,10.282491,-0.052360,0.260000,0.157080,
8.540272,10.281130,-0.036652,0.260000,0.157080,
8.566255,10.280178,-0.020944,0.260000,0.157080,
8.592249,10.279633,-0.005236,0.260000,0.157080,
8.618249,10.279497,0.010472,0.260000,0.157080,
8.644247,10.279769,0.026180,0.260000,0.157080,
8.670238,10.280450,0.041888,0.260000,0.157080,
8.696216,10.281539,0.057596,0.260000,0.157080,
8.722172,10.283035,0.073304,0.260000,0.157080,
8.748103,10.284940,0.089012,0.260000,0.157080,
8.774000,10.287251,0.104720,0.260000,0.157080,

8.801846,10.290178,0.111701,0.280000,0.069813,
8.829672,10.293299,0.118682,0.280000,0.069813,
8.857475,10.296614,0.125664,0.280000,0.069813,
8.885254,10.300123,0.132645,0.280000,0.069813,
8.913008,10.303827,0.139626,0.280000,0.069813,
8.940736,10.307723,0.146608,0.280000,0.069813,
8.968435,10.311814,0.153589,0.280000,0.069813,
8.996106,10.316097,0.160570,0.280000,0.069813,
9.023745,10.320574,0.167552,0.280000,0.069813,
9.051353,10.325244,0.174533,0.280000,0.069813,
9.078928,10.330106,0.181514,0.280000,0.069813,
9.106468,10.335160,0.188496,0.280000,0.069813,
9.133972,10.340407,0.195477,0.280000,0.069813,
9.161439,10.345845,0.202458,0.280000,0.069813,
9.188867,10.351476,0.209440,0.280000,0.069813,
9.216255,10.357297,0.216421,0.280000,0.069813,
9.243602,10.363310,0.223402,0.280000,0.069813,
9.270906,10.369513,0.230383,0.280000,0.069813,
9.298166,10.375907,0.237365,0.280000,0.069813,
9.325381,10.382491,0.244346,0.280000,0.069813,
9.352549,10.389265,0.251327,0.280000,0.069813,
9.379670,10.396228,0.258309,0.280000,0.069813,
9.406741,10.403381,0.265290,0.280000,0.069813,
9.433761,10.410722,0.272271,0.280000,0.069813,
9.460730,10.418252,0.279253,0.280000,0.069813,
9.487645,10.425969,0.286234,0.280000,0.069813,
9.514506,10.433875,0.293215,0.280000,0.069813,
9.541311,10.441968,0.300197,0.280000,0.069813,
9.568059,10.450248,0.307178,0.280000,0.069813,
9.594748,10.458714,0.314159,0.280000,0.069813,

Arrive Goal!!Press any key to continue